 INDX YEAR   JAN FEB MAR APR MAY JUN JUL AUG SEP OCT NOV DEC   ANN
 ------------------------------------------------------------------
  Z1  1881   -48 -14 -21 -12 -11 -68 -56  -9   3 -54 -47   6  -27.6
  Z1  1882   -18   8 999 -61 -53 -98 -31 999 999 999 999 999  999.0
  Z1  1883    15  24  22  -3 -26 -11 -47 999 -57 -30 -61  18  999.0
  Z1  1884   999 999 999  -9 -15 -38  20  -2  11  -7 -24  14  999.0
  Z1  1885     8   6 -10 -23   2  10 -61 -15  -3  14 -34 -16  -10.2
  Z1  1886   -43   0   2   4 -15 -82 -16  39 -33 -34  -3 -10  -15.9
  Z1  1887   -35   7  21 -26-117-123 -34 -76 -47 -57 -50 -60  -49.8
  Z1  1888    -2 -47  25 -30 -93 -58 -68 -86 -81 -20 -61 -37  -46.5
  Z1  1889   -50 -55 -29 -36 100-123 -88 -79 -98 -91-122 -67  -61.5
  Z1  1890   -76-108 -87 -94-137-115-126   5 -40  48   7  31  -57.7
  Z1  1891   -22 -17  32  45 -15 -45 -41  -9 -34  -7  34  11   -5.7
  Z1  1892     8  57  21  32-101  33 -14 -29 -57 -58 -10  21   -8.1
  Z1  1893   -49  14 -13 -13 -18  -7   3  36   0  92 -29 -40   -2.0
  Z1  1894   -16   3   8  25   5 -27  10  15 -37 -40  31   0   -1.9
  Z1  1895    -9 -17  11 -10  -5  10  10   5  24  24  -3-104   -5.3
  Z1  1896    80  24  21  35   2 -17  27  -1 -20  45 143   1   28.3
  Z1  1897    25 -28  11  11  29   6  64 -43  -3  57  62 -13   14.8
  Z1  1898     5  -7  11  29   5 -10  68 -45  20  41  44 -30   10.9
  Z1  1899    32 -38 -20  -2 -26 -32   7 -65   1  17   4 153    2.6
  Z1  1900     2   9  -5   1  -8 -55  47 -32 -27  21  37 -27   -3.1
  Z1  1901    19   3 -16  15  39 -24 -31  -5  11  27  34  -3    5.8
  Z1  1902     8  40  29  22  66 -21  40  -1  14  24  64  12   24.8
  Z1  1903    49  48  42  52  39  44  40 -26 -51 -51 -57   0   10.8
  Z1  1904    12  -3  21  35  90  57  16  53 -33 -58  14  55   21.6
  Z1  1905   -42 -33 -18  20 -38   4  14 -18   5   3  50  19   -2.8
  Z1  1906    29  18   5  73  49  24  34   6 -23  16   3  74   25.7
  Z1  1907     1  27  32  19  -8  -7  22  -7  32  63   0  10   15.3
  Z1  1908    -7 -31 -18  -6  20   2 -20 -24  34 -28 -41 -24  -11.9
  Z1  1909    45 -24 -19  39   3  58 -34 -18 -40 -49 -51 -13   -8.6
  Z1  1910   -23 -24 -36  23   2 -10 -33  28  13  28 -35 -33   -8.3
  Z1  1911   -22 -66 -24 -22 -55 -23 -34 -26 -31   4  44  48  -17.3
  Z1  1912    24   1 -12   9 -14  32 -43   0  43  22  17  -8    5.9
  Z1  1913    26  11  25  -7   3 -15  19 -56  30 -11 -17 -39   -2.6
  Z1  1914    12 -17 -54  26 -59  -1  14 -15 -15  27  45  67    2.5
  Z1  1915    28  47   3  13 -81 113  19 -25   5   9  39 -15   12.9
  Z1  1916   -11  14  -3  22 -26   4 -16  -1  19 -27  27 -38   -3.0
  Z1  1917   -10  14 -34   6 -28 -34  43  -5  16  24 -39 -23   -5.8
  Z1  1918   -33 -20 -35   5  23  17  23  41   9  11  34  15    7.5
  Z1  1919    64 -12  32  29 -14  28  -3  -1 -29   0  24   3   10.1
  Z1  1920   -13 -24   5   4  10 -10   7  56 -26   5  55   4    6.1
  Z1  1921   -39 -11  34  22  15  14  57  41  11 -11  25   5   13.6
  Z1  1922   -73 -30  44  42 -26 -41 -11   9 -26  40  37  -9   -3.7
  Z1  1923   -21  58  28 -31  -8   8 -40 -11  -2 -30  20  42    1.1
  Z1  1924     7  17 -42  12 -13  23  36 -12  17   7  -6 -22    2.0
  Z1  1925   -26  24  31  39   5 -60  -5 -27  55  -4  42  49   10.3
  Z1  1926    11  44  11  45  46   4  -1   3  34   4  35 -21   17.9
  Z1  1927    12  14  44  36   1 -41  -6  -9 -20  22  19 -17    4.6
  Z1  1928   -30 -14 -40  20   3 -51 -10  -9  56  27 -19 -35   -8.5
  Z1  1929     5  29   5 -53 -57  28   6 -15   7 -36   6  34   -3.4
  Z1  1930     2 -27   6 -18   3  11 -19 -34 -34   7  44  -8   -5.6
  Z1  1931    59  22  11  -4   2   2  38  25 -23  29  28 -10   14.9
  Z1  1932    28 -30 -39 -11 -26  21 -25 -21 -63 -18  21 -21  -15.3
  Z1  1933    -1  44  10  51  -1 -27 -21  -3 -26   5 -28  -6   -0.3
  Z1  1934    13 -20   5  17  -5 -20   9   6 -19   4 -21 -40   -5.9
  Z1  1935    25 -36 -23 -15  -2   6 -44  30 -80   6 -23 -24  -15.0
  Z1  1936   -28 -32  -4   4 -17  -5   2  41  24  16  -9 -27   -2.9
  Z1  1937     8  21  10  -1   5 -42   2 -32 -24 -43   5 -25   -9.7
  Z1  1938   -19 -16   0 -40  -6 -13 -60 -11 -22  20 -19  24  -13.5
  Z1  1939    46  20 -20 -22  -6  17  -6   6  -5 -36   4 -12   -1.2
  Z1  1940    23  92  20 -16  -3  15 -20 -26 -16   6 -12   9    6.0
  Z1  1941     3  41 -12  13  24  -4  -5 -35   9 -10  52   1    6.4
  Z1  1942    20  -2  22  42   3 -13  21  -5  34   4  14  12   12.7
  Z1  1943    -2  63  32  20 -36   6   0 -32 -21 -34 -28 -10   -3.5
  Z1  1944   -17  17 -30  36 -31  44   6  -5   4  11  36  18    7.4
  Z1  1945    -5  -6  52  54  -9 -23   3  20  -5  -2  58  14   12.6
  Z1  1946    35  35 -20 -17 -30 -36  28  41  19  17   3  26    8.4
  Z1  1947     1 -12 -27 -27  -8  19   4  23  25   1   1 -18   -1.5
  Z1  1948     4   4  33   0  17 -16  18  -5  14  27 -11  25    9.2
  Z1  1949   -16  60  21  21 -24  11  66  -1 -15  31 -28  28   12.8
  Z1  1950     7  27  14 -18 -14  -4  -7 -14 -25 -61 -25   4   -9.7
  Z1  1951   -46 -11 -24  -8 -19 -32  31 -25   8   4  48   8   -5.5
  Z1  1952    42  -9  20  21  42  35   3 -64 -23   2 -22 -38    0.8
  Z1  1953   -41   8  24  30   2 -30  12 -11  16 -20  49   2    3.4
  Z1  1954    -6  37  -3 -23 -22  27   6 -12 -28   1   4 -30   -4.1
  Z1  1955     4  31 -27   2  21 -15 -46  16 -10 -16  19 -38   -4.9
  Z1  1956     2  -2  -4  14 -58   9  -6  -9 -28 -35  16  -3   -8.7
  Z1  1957    10   3 -24  17  38   8 -10 -38 -53  38  49  61    8.3
  Z1  1958    23   9  25  41  38  21 -26  16 -31 -33  -3  -3    6.4
  Z1  1959   -30  -3 -22  -2 -24  11  -9 -20  -2 -56  27 -48  -14.8
  Z1  1960    17 -14 -24 -33 -10 -24  19 -16 -33 -21 -36 -50  -18.8
  Z1  1961   -47  22   3  -1 -33   5  19 -52 -40   8  20 -29  -10.4
  Z1  1962    -6  -3 -12 -24 -11  18   9   3 -18   4   9 -38   -5.8
  Z1  1963    -9  24  16 -17  18 -31 -55  -2 -12 -15  18 -11   -6.3
  Z1  1964    63 -17  49  -2   4 -32  42  46  20  -6  28  -1   16.2
  Z1  1965   -21  34 -13  12   4  10   0 -48  10  -1  31   9    2.3
  Z1  1966     3   1 -22  25 -67  14 -23 -40 -37  -5  -2  -8  -13.4
  Z1  1967     3  22 -20  24  22 -20 -14  -5 -30  -2  26 -22   -1.3
  Z1  1968    10  31 -12 -20   6 -15 -23  -3   9  47  45 -64    0.9
  Z1  1969     2 -38  35  20 -25   1  12   5   8   5 -49  -7   -2.6
  Z1  1970   -11 -25 -24  25 -41  -6  43  -2  14   6 -21  -6   -4.0
  Z1  1971   -49 -18 -17 -41 -20   0 -40 -19  14  20 -24 -25  -18.3
  Z1  1972    -9 -31  17  22  10  -6   9 -12  39  19  -2  -8    4.0
  Z1  1973     0  -8   2   8  44 -13 -49 -22 -14  17  24 -38   -4.1
  Z1  1974   -31 -11 -41 -46 -15 -44  36 -46 -47 -27 -23 -26  -26.8
  Z1  1975   -41   2   5  31  25 -27  41  24  -4 -27  -8  13    2.8
  Z1  1976    -1 -18  -2 -32  31   8  34 -28 -71 -39 -44  -4  -13.8
  Z1  1977    18  -5  -6   5   2 -15 -21 -44 -37   3  29   8   -5.3
  Z1  1978     1  -6  16 -19 -33 -71   4  17 -36  -8  17  -1   -9.9
  Z1  1979    29  30 -40  20  -1 -25   5 -31  15 -17   6  16    0.6
  Z1  1980    24  -2  -6  -7   7 -29  12  39  73   7  27 -38    8.9
  Z1  1981    -9  10  -7  18 -38 -17  28 -43  46   1 -21  18   -1.2
  Z1  1982    40   4 -11 -46  42 -49   1  33  -7   0  71  29    8.9
  Z1  1983    59   7  48   6  36  -1 -13   1  29 -28  -6   0   11.5
  Z1  1984     5 -11  -2  14  -6  22   8   6 -39  17  16  -9    1.8
  Z1  1985    34   3 -31 -12 -45 -17  -3   2  -6 -41 -14 -13  -11.9
  Z1  1986    11   8  -9  43  13  29  12 -59 -26  -7  -4 -19   -0.7
  Z1  1987    13  14 -27  17  22  16 -21   6  30   8 -37   8    4.1
  Z1  1988     7   0  -6 -18  20  15  30  20  16  87   3  -1   14.4
  Z1  1989   -42  -9  26   3 -30   0 -15 -50 -81  -1 -19  17  -16.8
  Z1  1990    15   8   2  39  63  -8   6 -11 -16  -9 -13  40    9.7
  Z1  1991    25  21 -31  14   1 -12  15  52   6   8  -6 -10    6.9
  Z1  1992     0  20  47 -22 -29  -5  23  29 -46 -53 -28 -34   -8.2
  Z1  1993    29 -25   4 -15  12  48  14 -16 -21  36 -20 -11    2.9
  Z1  1994    27 -15  -8  28  35  -6  22  44  13 -23  59  -4   14.3
  Z1  1995   -18 -22  32 -31  -7 -12  45   6  15 -10   0  14    1.0
  Z1  1996   -56 -13  -8  15   5  -4 -41   6   9  16  34  -4   -3.4
  Z1  1997   -32   3 -32  20  -7 -27  -1   2 -58  11  60  30   -2.6
  Z1  1998    26  36  38  17   0  -4  10  -8  25  54 -54  -3   11.4
  Z1  1999   -48 -16   4 -21   9 -11   1   0  -6  -4 -23 -26  -11.8
  Z1  2000   -18   7 -30   7  10  18 -23 -16   7  31 -43  15   -2.9
  Z1  2001    -2 -15 -11  -6 -11   5 -37   5 -24 -23 -18 -10  -12.3
  Z1  2002   -24 -23  32 -19  29  30 -26   8  52  10   4   6    6.6
  Z1  2003   -11   1 -33 -42  10  38   5 -50   8 -19  13  13   -5.6
  Z1  2004    -8  37  17  -7  -4  42  -5   0  32 -10  16  16   10.5
  Z1  2005     1   7 -19  -6  -9 -17  17   5  -3 -39 -21 -12   -8.0
  Z1  2006    13  -3 -26  19 -27 -26  -4   6  20   6  51 -15    1.2
  Z1  2007   -10 -29  26 -11  35  -3 -31  13 -24  46 -17 -38   -3.6
  Z1  2008   -22   1 -10 -16 -51  14   9   1   8  21  19 -10   -3.0
  Z1  2009     8  -6   8   2 -20 -40   3  32 -11 -39  23   7   -2.8
  Z1  2010   -18  -3  21  28 -35 -22 -32  -6  60 -28 -24  11   -4.0
  Z1  2011   -23   3  -4 -23  22 -18  33 -11   6 -33  21 -51   -6.5
  Z1  2012     6 -16 -31 -24 -11  17 -27 -28  16  34 -18  -1   -6.9
  Z1  2013    16 -14 -14   6 -20 -30  30 -16  -7  40 -49  -7   -5.4
  Z1  2014    23 -11 -15 -25  33  -5 -11 -11 -26  23  43 -20   -0.2
  Z1  2015   -21   1 -10  19  30  38  19   7 -47  22   6 -15    4.1
  Z1  2016   -13  13 -10  -1  55   7  43 -25 -41   2  34   4    5.7
  Z1  2017    58   3 -27 -18 -13 -28  -5   8  15 -13 -40 -24   -7.0
  Z1  2018   -23   3 -10  22  10 -47  53  -2 -35 -24 -26 -37   -9.7
  Z1  2019    12   3  -9 -20  32 -13  32  34  -5  -6  28  10    8.2
  Z1  2020   999 999 999 999 999 999 999 999 999 999 999 999  999.0
  Z2  1941   999 999 999 999 999 999 -57 -90  -9 -32   7 -15  999.0
  Z2  1942     6 -63   9  40 -33   2  15   8  -2  -3   8  45    2.7
  Z2  1943   -27 -23  23   2  12 -45 -30 -13 -52 -65 -11  21  -17.3
  Z2  1944   -29 -43 -41 -74 -69  20  -9  17  49   8 -38 -67  -23.0
  Z2  1945   -22 -65  22  16 -47 -34  13 -20 -13  -7  31 -14  -11.7
  Z2  1946    22  23 -35 -30 -29 -35 -51  23 -12  -3 -16  -3  -12.2
  Z2  1947   -41 -10 -10  -2  35 -38  -8  -7  41 -47 -31 -20  -11.5
  Z2  1948   -33  -5   2 -29 -36 -19 -53  -4  26 -11 -40  28  -14.5
  Z2  1949   -44  28   4 -19 -40 -34  87  64  47 -13 -11 -12    4.8
  Z2  1950   -27  33  10 -32 -27   7  19  19  -1 -45  15  35    0.5
  Z2  1951   -33 -25 -20-107 -43 -29   6 -51  15 -32 -32 -31  -31.8
  Z2  1952    63  -7   5  14 -12 -21  -4 -41 -12 -14 -91 -48  -14.0
  Z2  1953   -47   0   4 -19 -14 -69 -22  -9  45 -13   2  12  -10.8
  Z2  1954    17   2 -33  16 -16  22  25  22  45  38 -31 -36    5.9
  Z2  1955    28  18  31 -28   7 -42 -37 -42   6 -31  13 -13   -7.5
  Z2  1956     4  12  37 -70 -68 -23 -27 -10 -23 -48 -65 -19  -25.0
  Z2  1957     6   2 -65 -20 -24  43 -12 -10 -24   6 -37  14  -10.1
  Z2  1958    -8  -6   6  34   3  59 -74  12  21 -32  14  -4    2.1
  Z2  1959     9  16  10 -34 -60  80  50  34  21  -9  43 -64    8.0
  Z2  1960    32  12 -35 -20 -31 -42  21 -42 -21 -17 -18  -4  -13.8
  Z2  1961   -18  19  12  12 -16  36 -37 -10 -11  32  28  13    5.0
  Z2  1962    14  -3 -28  -6  -9 -15  16  36  -1 -38   4  12   -1.5
  Z2  1963    18   0  20   0  41 -15 -53   9 -45  78  41  31   10.4
  Z2  1964    21 -28   6  26  23   4 -32  35  24 -30  -8 -28    1.1
  Z2  1965   -62  25 -27   0   8  30   6 -29  28  53 -21  51    5.2
  Z2  1966    23  -4 -19  28 -45  46 -21  -5 -15   9   5  16    1.5
  Z2  1967    -9  62  20  47  -1  42  20  16 -55  46   0   5   16.1
  Z2  1968    21  44 -12 -95 -40 -45   2   0  30  44  12 -27   -5.5
  Z2  1969    -6  10  45 -10 -23  37  56  65 -10  56 -12  -7   16.8
  Z2  1970    10  10 -43  23 -38 -17  11   7  56 -10  -2  30    3.1
  Z2  1971   -40   5   5  -7 -49 -62 -35 -63  23 -22 -33 -14  -24.3
  Z2  1972     5  18   3   7  23 -18 -17 -24  69  41  25 -11   10.1
  Z2  1973    21  28  -8  27  -1  13 -23 -67  15  33 -12   4    2.5
  Z2  1974    22 -22  -9 -61  20  -7 -62 -41 -42 -27 -22 -26  -23.1
  Z2  1975   -59   5 -21  49  23   3  10 -26  50  -7   1  23    4.3
  Z2  1976    -2   3  -1 -11  17   3  25 -86 -70 -55 -73 -47  -24.8
  Z2  1977   -12  14  27 -10 -82 -29 -55 -23 -48  53  -8 -24  -16.4
  Z2  1978    21   8  43 -74 -24 -44 -95   8 -34   9  46 -34  -14.2
  Z2  1979    60  29 -39  -9 -34  38   9 -51   8 -18  -2   9    0.0
  Z2  1980   -34 -22 -34 -34  11 -37 -39  56  17   9   9 -32  -10.8
  Z2  1981    51  17 -54  -3  -9 -79 -60 -72  24  28 -20 -22  -16.6
  Z2  1982    26  29  -1 -43 -17 -46  22  89  13 -13  64  20   11.9
  Z2  1983     2  15  59  -8 -11   9  -9  44 -11 -21 -23 -13    2.8
  Z2  1984   -22 -33 -99  26 -10  53 -27 -32 -36  12  36 -42  -14.5
  Z2  1985   -37   2 -11 -21 -15 -34  -7   8   8 -14 -41 -43  -17.1
  Z2  1986   -21 -64 -29  28   1  -3   4 -66   0 -63 -26  -1  -20.0
  Z2  1987     9  -6 -43  38  30  -1   7  38   5  -5 -21   8    4.9
  Z2  1988    24 -11  30  19  45  19  25  39  12  13  -6  22   19.3
  Z2  1989   -45 -33  23  22  -3  18 -27 -39 -58 -71  19  21  -14.4
  Z2  1990    39   9  38  -7  46 -21 -12 -44  29   9 -37  28    6.4
  Z2  1991     6  22 -42 -45  26 -27   1   3 -57  24 -22 -26  -11.4
  Z2  1992   -27  37  59  22  -7 -20  15 -40 -56 -21 -55 -12   -8.8
  Z2  1993    19   1 -19 -49  12  51  45  26 -14  47 -24 -53    3.5
  Z2  1994    29 -19 -27  42 -29 -48  -2  74 -28  -1  37  56    7.0
  Z2  1995    35  -4  24 -35  14 -52  -2  23   6  -2  -3  26    2.5
  Z2  1996   -46  -8 -27 -46  60  -6 -70 -16 -13   9 -48   2  -17.4
  Z2  1997   -25 -18   3  16  17  17  37  14 -11  48  59  20   14.8
  Z2  1998    31  25  36  30 -15  26  34  54  41 -17 -11 -21   17.8
  Z2  1999     4  13 -13  -5  41  24 -11  14 -15  21 -22  20    5.9
  Z2  2000   -38  41  20  23  31 -16  -8 -24 -25  15   7  29    4.6
  Z2  2001    25  48   6  33 -59  30   3 -20  31 -49 -29 -34   -1.3
  Z2  2002   -69 -41  37  -5   7  17 -22 -14  55 -24 -31  29   -5.1
  Z2  2003    25  39 -18 -29  46  32  15 -24  -5  -5  41  32   12.4
  Z2  2004    -3 -12  26  -5 -29  18  21 -39  18  13  12 -50   -2.5
  Z2  2005    -7 -10 -11  37  13   9  49  46 -24 -22  -7 -36    3.1
  Z2  2006    26  -6  -2 -81 -43  25  46  13  63  22  37 -17    6.9
  Z2  2007   -11  18   6  15  36  18 -42  11  27  -4  37   4    9.6
  Z2  2008    39 -22   5  -4 -39  23 -67 -36   5  55  10 -12   -3.6
  Z2  2009    20 -14  -9   2 -64 -17  10  14 -11 -10  75  30    2.2
  Z2  2010   -46   5  37  33 -77 -11  19 -58  32  27  -6  17   -2.3
  Z2  2011   -23  23  15  -4   3 -16  69  16  22 -36  16 -22    5.3
  Z2  2012    37 -40  -4  12  -8   3   8 -65  12  23  -5  34    0.6
  Z2  2013    33  12   5 -28   5 -37  72 -20  -1  62  -8 -31    5.3
  Z2  2014    25  -8 -11 -88  36   4   0  52   4  17  30 -10    4.3
  Z2  2015    -3  -9 -29  -5  38  45  38  -5 -20  92  47  35   18.7
  Z2  2016   -18  40   2  33 -38  27  60   0 -40 -26 -16  52    6.3
  Z2  2017    27  27   5 -45  15  20 -35 -40 -44  20   9  14   -2.3
  Z2  2018   -16   1 -11   4  25 -18  20 -36  15  15 -62   0   -5.3
  Z2  2019    64  21  -6 -13  43  26  -8  44  26 -25  16   5   16.1
  Z2  2020   999 999 999 999 999 999 999 999 999 999 999 999  999.0
  Z3  1948   999 999 999 999 999 -26  20  -9  15  37 -16  25  999.0
  Z3  1949   -27  74 117  13 -32  -5  64   0  -3  40 -35  39   20.4
  Z3  1950     9  20  11 -29 -14  -5  -8 -20 -28 -62 -29   4  -12.6
  Z3  1951   -65 -13 -31 -13 -25 -43  44 -24   3  -1  60   3   -8.8
  Z3  1952    50   0  17  23  36  38  -4 -69 -21  -3 -36 -43   -1.0
  Z3  1953   -63   1  15  27  -8 -35   6 -11  23 -30  55   7   -1.1
  Z3  1954   -22  45   0 -20 -23  32  -1  -7 -32  12  13 -45   -4.0
  Z3  1955     8  32 -24  -4  26 -33 -53  23 -12 -15  26 -41   -5.6
  Z3  1956    -1  -6  -9  18 -70  14 -16 -11 -34 -36  21   2  -10.7
  Z3  1957     6   0 -30  19  27   6 -23 -42 -52  43  53  60    5.6
  Z3  1958    16  16  34  35  57  17 -28  20 -25 -28   1  -9    8.8
  Z3  1959   -35   5 -21 -10 -48  20  -1 -17   4 -63  33 -46  -14.9
  Z3  1960    18  -1 -28 -28  -3 -40  23 -17 -40 -16 -31 -61  -18.7
  Z3  1961   -58  16   4   0 -31   4  13 -59 -46  11  20 -32  -13.2
  Z3  1962    -2  -5 -18 -32  -5  21  15   9 -16   9  14 -43   -4.4
  Z3  1963   -13  30  15 -27  29 -35 -63   1 -16 -16  25 -10   -6.7
  Z3  1964    77 -18  59   0  13 -28  44  50  26  -2  29   1   20.9
  Z3  1965   -23  38  -8   5   8   2  -2 -55  12   1  38   6    1.8
  Z3  1966     1  12 -21  34 -72  15 -27 -48 -37 -10   6  -5  -12.7
  Z3  1967     3  22  -8  32  15 -28  -7   1 -40   7  29 -20    0.5
  Z3  1968     7  43 -13 -42  15 -15 -31  13  16  67  55 -67    4.0
  Z3  1969     0 -36  40  16 -34   0  22  10  21   7 -46  -1   -0.1
  Z3  1970   -13 -16 -28  27 -46  -9  51   9  39  12 -15  -5    0.5
  Z3  1971   -49 -18 -22 -37 -18  -5 -34 -18  19  30 -23 -25  -16.7
  Z3  1972    -9 -33  27  23   3 -19  11 -16  47  18  -3  -9    3.3
  Z3  1973    -1  -5   8  11  48  -9 -49 -32 -19  12  28 -41   -4.1
  Z3  1974   -36  -3 -43 -52 -12 -44  26 -58 -54 -32 -19 -18  -28.8
  Z3  1975   -45   6  10  35  32 -38  42  17  -8 -29  -8   4    1.5
  Z3  1976    -5 -22  -4 -40  28   0  27 -34 -84 -40 -45  -2  -18.4
  Z3  1977    12  -4  -3  11 -18 -17 -33 -44 -58   8  25   7   -9.5
  Z3  1978     0  -3  25 -24 -36 -90   5  20 -40 -13  33 -12  -11.3
  Z3  1979    31  32 -50  27 -11 -20   3 -41  16 -17  12  24    0.5
  Z3  1980    19   5  -2 -23   9 -29   0  46  89  11  26 -39    9.3
  Z3  1981    -7  13  -6  24 -32 -22  21 -55  44   3 -22  19   -1.7
  Z3  1982    38  10  -4 -43  46 -58   1  40  -9 -12  75  26    9.2
  Z3  1983    60   1  47   0  25  -1 -23  -4  29 -32  -3  -9    7.5
  Z3  1984     8 -20 -12  14 -13  19   0  11 -45  21  16  -7   -0.7
  Z3  1985    37   0 -44 -12 -53 -14   0   1  -4 -52 -26 -16  -15.3
  Z3  1986     7  -2 -19  50   5  42  12 -72 -34 -17 -12 -16   -4.7
  Z3  1987    21  19 -29  15  27  16 -25  15  27  13 -27  18    7.5
  Z3  1988    18   5  -3 -23  20  17  43  28  17 106   4   2   19.5
  Z3  1989   -46 -13  23  -4 -34  -2 -10 -49 -78  -3 -20  17  -18.3
  Z3  1990    17   6  -3  44  70  -3  10 -13 -27 -13 -16  40    9.3
  Z3  1991    31  22 -30   8  -2 -22   9  63   8   9 -13 -20    5.3
  Z3  1992    -5  18  45 -30 -42  -5  26  11 -57 -65 -35 -43  -15.2
  Z3  1993    29 -20  -4 -26   1  62  15 -19 -33  41 -28 -22   -0.3
  Z3  1994    27 -18 -25  32  34  -8  16  57  -1 -25  77  -9   13.1
  Z3  1995   -17 -26  36 -26  -4 -29  45   8  17 -11  -6  26    1.1
  Z3  1996   -47  -4 -11  27  12  -3 -49   5  24  24  33   0    0.9
  Z3  1997   -41   2 -28  26   0 -28   7   6 -70  19  65  37   -0.4
  Z3  1998    24  48  52  26   1   1  27  -6  27  66 -54   0   17.7
  Z3  1999   -52  -9  14 -21  28 -12  -2   1  -9   3 -24 -24   -8.9
  Z3  2000   -33  18 -31   8  32  27 -11 -16  17  38 -49  26    2.2
  Z3  2001    -5  -5   1   3  -8  15 -43   9 -15 -24 -17  -5   -7.8
  Z3  2002   -25 -15  42 -28  34  39 -22   8  69   8   0  11   10.1
  Z3  2003   -11   7 -25 -55  12  45   3 -51  21 -18  16  12   -3.7
  Z3  2004    -1  37  14 -12   1  50  -6 -13  26 -20  16  -2    7.5
  Z3  2005    -1   4 -13 -13  -6 -18  21  11  -9 -44 -26  -8   -8.5
  Z3  2006    15  -4 -24  20 -33 -34  -1  -6  21   9  52 -30   -1.3
  Z3  2007   -13 -37  30 -23  42  -8 -42  13 -26  42 -25 -38   -7.1
  Z3  2008   -20  -3 -12 -24 -59   8  -1 -17  16  19  26 -12   -6.6
  Z3  2009    10 -17   5  10 -37 -48  17  50  -4 -47  26  12   -1.9
  Z3  2010   -22  -7  23  32 -59 -29 -35 -14  66 -26 -27   9   -7.4
  Z3  2011   -26   4  -6 -33  24 -27  39 -30   3 -36  20 -56  -10.3
  Z3  2012     2 -17 -32 -22  -7   7 -26 -33  23  25 -20   8   -7.7
  Z3  2013    20 -23 -18  -5 -28 -50  35  -6 -11  63 -50 -13   -7.2
  Z3  2014    15 -11 -26 -41  39   4 -11 -15 -35  15  45 -18   -3.3
  Z3  2015   -24  -5 -11  12  37  38  19   5 -57  27   7 -18    2.5
  Z3  2016   -31  21  -5   4  62   5  50 -26 -47  -6  33  11    5.9
  Z3  2017    49   8 -38 -32 -16 -28 -20   6  15 -20 -45 -23  -12.0
  Z3  2018   -27   1 -11  11  17 -55  67  -2 -41 -35 -29 -54  -13.2
  Z3  2019    12   8   3 -30  42 -23  24  34 -17 -14  41  17    8.1
  Z3  2020   999 999 999 999 999 999 999 999 999 999 999 999  999.0
  Z4  1937   999 999 999 999 999 999 999-150 -73-131 -43 -73  999.0
  Z4  1938   -83 -77 -58-101 -65 -80 -57 -93 -60  -8 -65  44  -58.6
  Z4  1939    50  -8 -85 -79 -58 -20  97  22 -24-110 -84 -63  -30.2
  Z4  1940     6 155  19  11  55  25 -65 -81 -17 -19  26  12   10.6
  Z4  1941     1  25   3  52 -20  62 -45 -13  -7   3  63  39   13.6
  Z4  1942    43  13  44  36  -8-103  48   4  37   4  -5  20   11.1
  Z4  1943    24  32  32 -11 -43 -18  31 -23 -20 -48 -43 -12   -8.3
  Z4  1944     4  12  23  29   0  76   5  14  55   3  34  70   27.1
  Z4  1945   -10 -23  61  47  60  22   2 -15  -7  37  40  73   23.9
  Z4  1946    58   1 -32  -1 -66 -58 -14 106  -7  35  85  48   12.9
  Z4  1947    31 -21 -32 -43 -63  75 -23 -18  28   1 -79 -54  -16.5
  Z4  1948   -14  -7  32  19  12 -25   5 -29  -3  65   4  30    7.4
  Z4  1949    25  33  18  24 -73  60  83   2 -22  -2 -47  10    9.3
  Z4  1950    17  -2   0 -19 -41  56 -45 -31 -62 -98 -44   3  -22.2
  Z4  1951   -29 -37  -5  46 -21   5  -8   4 -37  30  93  96   11.4
  Z4  1952    64 -43  47 -24 105 110  -8-149 -38 -34  19 -35    1.2
  Z4  1953   -30  67   4  80   3  12  38 -75  26 -23  46 -14   11.2
  Z4  1954     1  13 -32   3 -24  23  49 -12 -65 -71  -8  -7  -10.8
  Z4  1955     6  19 -45  11   6  31 -82   6   2 -42   3 -40  -10.4
  Z4  1956   -35  15  34 -12-114  25  33   3 -58 -32  -4  18  -10.6
  Z4  1957   -29 -22 -47  17  81  32   3 -74 -55  55  66  69    8.0
  Z4  1958    38   9  39 107  60  53 -31  23 -82 -98 -35   7    7.5
  Z4  1959   -31  -1 -43  24  79  -4  26 -24 -58 -22   1 -70  -10.3
  Z4  1960    62 -18 -17 -56 -18 -25  24 -48 -43 -51 -12  -6  -17.3
  Z4  1961   -10  16  51 -19 -27  29  21 -58 -24 -72  18 -67  -11.8
  Z4  1962   -38  25  -8 -11 -68  24 -50   0 -17 -21  -9 -50  -18.6
  Z4  1963   -10  -2  37   1   4  10 -26  28  -9 -46  23  -8    0.2
  Z4  1964    68 -21  51   6   1  16  53  83  22  -7  11 -28   21.3
  Z4  1965   -82  95  20   6  13  41  20 -78  -5   2  25  12    5.8
  Z4  1966    13 -13 -29  13   6  17   3 -49 -82 -47   3  26  -11.6
  Z4  1967    23  27 -63  23  54 -15 -33 -17  12 -54  47  -5   -0.1
  Z4  1968    12  25 -36   7   9  32 -29 -27  43  56  62 -65    7.4
  Z4  1969    -5 -39  38  82  10  51 -17 -15 -80   5 -52 -25   -3.9
  Z4  1970     0 -37  27  34   2 -16  53 -55  24  12 -44  -9   -0.8
  Z4  1971   -57 -23 -16 -90 -34 -11 -61 -66  46  77 -20 -43  -24.8
  Z4  1972    10   2  32  82  43  34  10  14  48  13 -17  59   27.5
  Z4  1973    14 -50 -30  28  77 -32-101 -52   6  -8  34 -73  -15.6
  Z4  1974   -32 -33  -9 -71   1 -49  96  17 -45 -27 -39 -63  -21.2
  Z4  1975   -37  23   8  23  37   6  74 -19  -1 -38  10  53   11.6
  Z4  1976    19  -3 -66 -61  58  38  50 -11 -56 -33  -1   4   -5.2
  Z4  1977    70 -23   0  46  50  27 -20 -79  19   1   2  11    8.7
  Z4  1978     2 -33  -5 -53 -40  -9  36 -33 -71 -35   3   4  -19.5
  Z4  1979    28  22 -28  -1   9 -55 -24 -32  13  -4 -36   5   -8.6
  Z4  1980    38   3  14  26  18 -30  48  67  82 -38  70 -24   22.8
  Z4  1981   -19  -9 -49   1 -61 -14  25  23 101  -2 -37 -24   -5.4
  Z4  1982    59 -20 -49 -15  45 -70 -14   6 -44  36  72  62    5.7
  Z4  1983    91  44  58   0  63 -15 -31 -21  55 -52 -31  18   14.9
  Z4  1984    21 -38 -40 -17  16 -22   7 -38 -60  21  23 -45  -14.3
  Z4  1985     5 -32 -25 -62 -90 -84   3  -5 -69 -21  -2 -30  -34.3
  Z4  1986   -12   8 -11  31  16 -32  25 -29  -3  20  -8 -36   -2.6
  Z4  1987   -16  40  37  18   6  33  -5 -47  70 -11 -64  18    6.6
  Z4  1988     9  10 -23 -42  52  23  46  31  15  66  -9 -66    9.3
  Z4  1989   -43  -5   9  10 -48  15 -24-108-109   1 -61  48  -26.3
  Z4  1990    24  -3  13  64  60 -44   6  -5 -35 -32 -11  38    6.3
  Z4  1991    31  20 -68  63 -13  54  17  35  -1  14  60  29   20.1
  Z4  1992     4  57  84  22  34 -14  42 115   6 -81 -46 -19   17.0
  Z4  1993    85 -45  32  16  15  21 -76 -25   5 -18  23 -23    0.8
  Z4  1994     1 -56  50  13  76 -13  21  -6  69  -7  43 -20   14.3
  Z4  1995   -25 -16  24 -64 -60  67  88  10 -11 -12  10 -48   -3.1
  Z4  1996   -90  23   0  41  12  14   2  74 -60 -22  84   6    7.0
  Z4  1997   -25  28   2  58 -50  -8 -11 -29 -41  25  98  39    7.2
  Z4  1998    30  33  44   9  27 -11 -12  -5  30  56 -96 -18    7.3
  Z4  1999   -67 -50 -28 -35  -5   3  26   6 -12 -41 -25  -5  -19.4
  Z4  2000   -12   7 -24  -3 -39  -2-104  18  29   7  -8 -28  -13.3
  Z4  2001    30 -15 -45 -41  13 -41 -15  -1 -63 -23 -29  13  -18.1
  Z4  2002     8  -6  11  14  62  80   8  29  61  40  26   0   27.8
  Z4  2003    -8 -20 -53 -21   2 -16 -15-129  56 -24  38  25  -13.8
  Z4  2004   -27 111  20 -36 -36  39  -6  45  25  23 -24 113   20.6
  Z4  2005   -16 -27   5  13 -30  -6   7 -78   5 -40 -13  12  -14.0
  Z4  2006    17 -26  38   3  -8 -21 -42  36  -5  26  56  27    8.4
  Z4  2007    25 -34   4  22 -11  43 -19  48 -43  62 -51 -67   -1.8
  Z4  2008   -54  -8 -31 -24 -48  25  49  70 -24  24 -25 -14   -5.0
  Z4  2009   -22  40  13 -59  27  -5  48 -39 -43  36  67  22    7.1
  Z4  2010     0 -15  20  10 -16  -2 -41  19  84 -66 -54 -14   -6.3
  Z4  2011   -11 -19 -33  -3   1  -5  63 -18  13 -55  39 -91   -9.9
  Z4  2012    17 -14 -22 -71   1  50 -98 -58   3  61  11  -8  -10.7
  Z4  2013   -36 -52 -52   1   7 -28 -32 -74   9  16 -65 -29  -27.9
  Z4  2014    28 -42 -12 -33  -8 -61   7   8 -18  10  67 -38   -7.7
  Z4  2015   -56  -5  -9  24  49  34  25 -34  -7  15 -11   6    2.6
  Z4  2016   -32 -23 -15 -14  72 -28  49 -45 -40  -8  64   4   -1.3
  Z4  2017    52 -19  10 -45  11 -46  24 -21  33  -4 -74 -52  -10.9
  Z4  2018   -33   8 -63  40  29 -33  26 -31 -12 -10 -40 -30  -12.4
  Z4  2019     8 -34 -43   3   7   9 -16  88  36   7 -16  -9    3.3
  Z4  2020   999 999 999 999 999 999 999 999 999 999 999 999  999.0
  M1  1896    32   8 -21 -47 -12 -23  58  29  10  41  69 -30    9.5
  M1  1897   -67  20   6  10  54   3  69 -20   9  39   3  13   11.6
  M1  1898    40  45 -17 -77  47 -45  89  37  26  48 -86 -32    6.3
  M1  1899   -14  13 -44  28  26 -63 126  34  -4  62 -48  33   12.4
  M1  1900    34   5 -62 -48   4-135  93-117  53  -2  20 -23  -14.8
  M1  1901    14  25 -17 -35  18-135 109  20 -87 -71  21  45   -7.8
  M1  1902    -8 -52  -5  57 125 -62  85  40 114  45  39  44   35.2
  M1  1903    37 -62 -23 -58   7  17 -11  49   9-101 -31  13  -12.8
  M1  1904     7 -34  14  64  18  30 -32  26  -2  35   0  30   13.0
  M1  1905    62 -49 -38  68 -53   3 -43 -46  62 -31 -12  23   -4.5
  M1  1906    27  73  57 -41  23 -49 -17 -14 -24 -59 -15 -17   -4.7
  M1  1907    -3  -8 -52 -64 122  44 -11 -30  95   5 -21 -40    3.1
  M1  1908    74 -51  -3  49 -21  12 134  40 -23  52   6  39   25.7
  M1  1909    65  14 -67 -40 -64  11 -44   5  37  -4 -24 -23  -11.2
  M1  1910    70  -6  29  44 -44 -21 102 -32 -12 -25 -50 -30    2.1
  M1  1911    59  19  -8 -37  52 -68 -75 -39 -11 -32  40   0   -8.3
  M1  1912    42  50  24  63  27  63  77 -16  19   1  36 -31   29.6
  M1  1913   -29  -4  -5   4 150  37  44 -50-105 -33 -29  23    0.3
  M1  1914   -59  28 -41 -71 -12  70  11  40  28  38  40  51   10.3
  M1  1915    12  10 -21 -21 -86 -48 -84 -70-134 -33 -43 -10  -44.0
  M1  1916   -45  20 -13 -86 -29-106   7 -11 -13 -15 -51 -64  -33.8
  M1  1917   -31 100 -51 -24 -18 -56 -62   0 -86 -57 -59  42  -25.2
  M1  1918    22 -67  -8  44 -33  29 173  50  43 -16  60  40   28.1
  M1  1919    32  25 -33  30   3  -9 -25  -6  27   1  77  31   12.8
  M1  1920    35  -2 -18  -9 111-221 -63 -16  50 -26  37  12   -9.2
  M1  1921    21  49  20   6 -26 -35 -27   4 -38 -10  11  -2   -2.3
  M1  1922   -33 -53  83  -7 -21 -54  11  -3 -19 -60 -23 -10  -15.8
  M1  1923   -57  95 -13  31-130  23   6 -17 -98 -40 -85 -21  -25.5
  M1  1924   -36 -45 -84 -77  14  -7  12 -41 -96 -43-124  77  -37.5
  M1  1925    15 -22  12 -39   4  31  -7   9 101 -83  70   8    8.3
  M1  1926   -24  70  11 -95  26 -23 -41  -4  99 -72  -8   4   -4.8
  M1  1927   -16  -2   0  72 -45 -27  -7  -8  50  31  65  11   10.3
  M1  1928   -51 -13 -44 -30  26  26 -48 -14  -3 -69 -44 -18  -23.5
  M1  1929   -31  86 -28 -36 -36   5  20  19  35 -43 -19  36    0.7
  M1  1930    41 -14   5 -45  34  85  -6 -36  83  95   6  43   24.3
  M1  1931    16  30 -13  22-116 -24  -5 -14  -2 -42 -37  32  -12.8
  M1  1932     9   9 -84 -46  67 111  65 -46 -15 -76 -14 -43   -5.3
  M1  1933     9   7 -59  67  -1  -5 -62  -8 -31 -38  16  21   -7.0
  M1  1934    53 -51  -2 -28  31  29  33 -58 -32-101 -88 -66  -23.3
  M1  1935   -19 -34 -52 -20   5  87 -39  58 -37   6  33 -53   -5.4
  M1  1936    13  -5  70 -61  -7 -17  40-127  70 -65  -9  24   -6.2
  M1  1937    38  92 -21  33 -57  99  12 -29   7 -25  15 -38   10.5
  M1  1938   -36-114 -41 -94 -28 -33  72 -21 -14  19 -49  46  -24.4
  M1  1939    99  10 -32 -69 -12 -61 224 -19   7 -51-107 -18   -2.4
  M1  1940   -28  55 -89  46 115   3 -69 -50  11  -1   7 -23   -1.9
  M1  1941     6   6 -43 100   0  87 -83  62 -42  22  24  62   16.8
  M1  1942    12  38  -8  20 -61-126  10 -79 -30   3  13  33  -14.6
  M1  1943   -10  -3  31 -93  48 -25 -42  51   9 -14 -30  -3   -6.8
  M1  1944    -4 -26  35 -24   3 122 -27  68  85 -23 -30  10   15.8
  M1  1945   -30 -35  16  68 107  29  39-108 -28  55 -51 114   14.7
  M1  1946     7 -37 -75  20 -81  -9-123  61  21  44 110  19   -3.6
  M1  1947    26  13 -87  -1 -40  17 -76 -49  10 -20 -84 -56  -28.9
  M1  1948    41 -31 -33  34 -40  10 -23 -65 -10  -9 -37 -11  -14.5
  M1  1949    76 -60  12  66 -83  95  11  28  29 -94 -53  -4    1.9
  M1  1950   -10  13  12  41 -72 117   2   8 -52 -80 -36  19   -3.2
  M1  1951    23 -12 -16   3 -35  84 -84  22 -10   8   4  83    5.8
  M1  1952    28 -54  36 -58  43  18  -4 -61 -54 -86 -16 -21  -19.1
  M1  1953    30  52  16  19 -36  -8   4-110  14 -13 -45 -34   -9.3
  M1  1954    40 -29 -91   0 -18 -22  49  -5 -10 -37 -46  32  -11.4
  M1  1955     6 -17 -20  13 -59  96 -59 -77  14 -86 -82-151  -35.2
  M1  1956   -86  38  46-130 -95 -42  27  -8 -26 -52 -28 -62  -34.8
  M1  1957    -6 -32 -51 -67  74  60  58 -15 -40  29 -29   4   -1.3
  M1  1958    14 -47 -27 128 -81  53 -31 -15 -72-126 -61   0  -22.1
  M1  1959    -9 -16 -32  45 202   7  21  -8 -57  51 -36 -73    7.9
  M1  1960    46 -31  18 -87-119  37 -12 -35 -46 -74 -30  90  -20.3
  M1  1961    45  14  58 -32  11  10  37  -7  46-101  -9 -72    0.0
  M1  1962   -41  23  -5  15-131 -55 -43  -9  -8 -83 -39 -19  -32.9
  M1  1963    -7 -47   1  42  11  40 -27  30   1  16  16  51   10.6
  M1  1964     0 -39   7  -4 -27 -15 -62  47 -32 -12 -27 -82  -20.5
  M1  1965   -58  91 -34  18 -56  59  64 -19 -28  24 -23  28    5.5
  M1  1966    29 -59 -40 -30  39  11 -13  -7 -64  -3  -3  27   -9.4
  M1  1967     2  21 -66  34  63  40 -56 -33  65 -63   5  -2    0.8
  M1  1968    26 -13 -62  -7 -88  15  -5 -88  39  -7 -44   0  -19.5
  M1  1969   -13  -4   6  57  -2  94 -49 -13 -84  54 -65 -73   -7.7
  M1  1970    18  -8   0  -3  52 -49 -34-121  10 -32 -29 -28  -18.7
  M1  1971   -39 -34  30 -76 -76 -39 -41-108  11 -14 -28 -67  -40.1
  M1  1972    72  18 -12  90 113  97 -24  18  26  21 -21  71   39.1
  M1  1973   -17 -23 -52  -3   8 -45 -50 -34  -9  -1  11 -45  -21.7
  M1  1974    20 -25  19 -43  37 -18  37  67 -36 -25 -45 -69   -6.8
  M1  1975   -22  17 -69  12 -36  53   1 -25  13 -24 -10  82   -0.7
  M1  1976    32  41 -66 -33  35  56  83  32  41  24   0 -51   16.2
  M1  1977    72 -12 -53  51  34  18  -7 -72 131   9 -48   8   10.9
  M1  1978   -33 -43 -15 -55 -40  64 -18  -2 -59  -4 -35  18  -18.5
  M1  1979    23  10 -36 -49  49 -72 -36   6  20 -25 -85 -28  -18.6
  M1  1980    -5 -21  -5  25 -20 -27  76  17  -8 -54  69   9    4.7
  M1  1981   -10  -6 -64 -30 -51 -79 -11  20  94 -13 -42 -51  -20.3
  M1  1982    33 -26 -52 -21 -21  -3  55  45 -24  72  11  58   10.6
  M1  1983    55  46  30 -28  54  -1  -1 -14  10 -43 -48  57    9.8
  M1  1984    11 -37 -52  10  32 -38 -12-106 -57  39 -21 -39  -22.5
  M1  1985    -7 -34  23 -63 -30 -98  12 -14 -21  19  18 -61  -21.3
  M1  1986   -36 -23   3 -34  11 -34  36  24  29 -41  22 -47   -7.5
  M1  1987   -61  22  26  38 -54  49  43 -49 103 -33 -68  33    4.1
  M1  1988     0  45  23   9  29 -17   9  19 -40 -44 -47 -69   -6.9
  M1  1989    -5  37  13  18 -16  32 -22 -72 -92 -40  -9  38   -9.8
  M1  1990    18  15  15  18  40 -36 -49 -14  37 -19 -45  10   -0.8
  M1  1991    -2  18 -63  74  67  78  10 -56 -13  29  78  41   21.8
  M1  1992     3  58  79  44  73 -12   8  96  49  -2 -70  42   30.7
  M1  1993    71 -59  53  42  11   1-111  10  88 -31  13  -2    7.2
  M1  1994   -54 -55 109 -14  12  11  23  -3 101  36 -55  32   11.9
  M1  1995   -12   8 -16-115 -52 103  62   3 -29  10 -11 -47   -8.0
  M1  1996   -69  15  11 -23  44   4  -7  59-154 -41  65  -7   -8.6
  M1  1997    39  37   7  59 -62  42  57 -12  53  46  52   0   26.5
  M1  1998    17 -76 -22 -45  26 -30 -72  53  -9  -4 -22 -12  -16.3
  M1  1999   -12 -62 -81  36 -79  45  56  33  -6 -43  12  32   -5.8
  M1  2000    38   0 -11  16-104   0-104  29   0 -22  74 -28   -9.3
  M1  2001    68  -5 -64 -38  58 -37  71 -26 -63 -59 -26   7   -9.5
  M1  2002    19  13  33  41  88  13  -8  67 -21  22  42  11   26.7
  M1  2003    28  -9 -44  55   8 -99 -24 -95  12 -21  63  -4  -10.8
  M1  2004   -68  73  34  -7 -54 -68 -18  51  45  34 -35 147   11.2
  M1  2005   -25 -48  21  25 -22   6 -27 -84   7 -33  19 -57  -18.2
  M1  2006    17  -7  55 -48   1  62  11  63  -1  57  20  78   25.7
  M1  2007    -5  18 -47  81 -90  96  -1  38 -40  22  34 -65    3.4
  M1  2008   -31   0 -36  -6   0  24  13  94 -41  22 -52 -40   -4.4
  M1  2009   -32  53  -7 -88 101 -20  14-141 -79 118  67  12   -0.2
  M1  2010     5  -9  25 -14  -8  15   6 -28  40 -40 -44 -59   -9.3
  M1  2011    -8 -21 -38  33 -32  -8  74  48  36 -14  14 -44    3.3
  M1  2012    25  -9 -35 -64 -13  56 -75 -86 -29  95  28 -19  -10.5
  M1  2013   -36 -12 -54  -3  35  42 -70-127   2 -34 -20 -22  -24.9
  M1  2014    61 -25 -13 -31 -25 -98  14  80  32  30  49 -75   -0.1
  M1  2015   -55  30 -24  31  -9  59  -1 -33  87  68 -38  37   12.7
  M1  2016     9 -43 -37 -35 -40 -94  -1 -14 -19 -42  25 -11  -25.2
  M1  2017    35 -46   5  -3   0   1  -5 -42  -4   3 -25 -44  -10.4
  M1  2018   -52  18 -68  18  22   5 -63 -49  31  39 -49 -17  -13.8
  M1  2019    -1 -20-114  10 -55  49 -28  96  75  39 -77  -9   -2.9
  M1  2020   999 999 999 999 999 999 999 999 999 999 999 999  999.0
  M2  1878    23  65  54   6  -4 -27  16  46 -34  -2  20   9   14.3
  M2  1879     4  19 -18  -6 -55  -8  25  -3 -50 -13 -17 -34  -13.0
  M2  1880   -19   7 -20  25 -19  -4 -34  20  -5 -27 -19  -8   -8.6
  M2  1881   999 999 999 999 999 999 999 999 999 999 999 999  999.0
  M2  1882   999 999 999 999 999 999 999 999 999 999 999 999  999.0
  M2  1883   999 999 999 999 999 999 999 999 999 999 999 999  999.0
  M2  1884   999 999 999 999 999 999 999 999 999 999 999 999  999.0
  M2  1885   999 999 999 999 999 999 999 999 999 999 999 999  999.0
  M2  1886   999 999 999 999 999 999 999 999 999 999 999 999  999.0
  M2  1887   999 999 999 999 999 999 999 999 999 999 999 999  999.0
  M2  1888   999 999 999 999 999 999 999 999 999 999 999 999  999.0
  M2  1889   999 999 999 999 999 999 999 999 999 999 999 999  999.0
  M2  1890   999 999 999 999 999 999 999 999 999 999 999 999  999.0
  M2  1891   999 999 999 999 999 999 999 999 999 999 999 999  999.0
  M2  1892   999 999 999 999 999 999 999 999 999 999 999 999  999.0
  M2  1893   999 999 999 999 999 999 999 999 999 999 999 999  999.0
  M2  1894    -7 -15  29  22 -33  -7 -21  15 -20   8 -18 -11   -4.8
  M2  1895    -3  40  20  26  -3 -27  56  47  -3  -6 -35  -7    8.8
  M2  1896    42  18 -21 -32   7 -28 -14   9 -24  26  46  11    3.3
  M2  1897   -23   0  -7  21  38  37  43 -25  -8   7  49  49   15.1
  M2  1898    46  50  18 -29 -46  -6  58   3  33  26   2 -56    8.3
  M2  1899   -15  31 -14  15   9 -30  43   2   2 -12 -18  49    5.2
  M2  1900    43  36  21 -36 -19 -25  52 -40 -10  -8  33   4    4.3
  M2  1901     8  12   4  -1  49 -56 -12  40   7   0  40  -7    7.0
  M2  1902    -2  -3 -15  10  26 -27  76   0  79  23  49  24   20.0
  M2  1903     2  10  51 -19 -26  40   0  35  23 -35 -39   6    4.0
  M2  1904    15  -7  -7  45  39 -39  13  38 -37   8  23  28    9.9
  M2  1905    47  -4  19  36 -14  -1 -18   5 -14 -78  -1  28    0.4
  M2  1906     5  33  37  -9  26   9  -5  26  -4  27  24  43   17.7
  M2  1907    13  -7 -34  -9  90  55  29  13  61  43  33  42   27.4
  M2  1908    69  20   9  15  26   3  65  34  26  22  62  46   33.1
  M2  1909    18  54   4  25  -8  20 -23  10  31  20  21  29   16.8
  M2  1910    28  24  27  50   8   4  34  15  48  -1  18  17   22.7
  M2  1911    22  46  32 -21 121 -83 -83 -48 -24 -49 -17  -3   -8.9
  M2  1912    29  26   4   7  50  -4  47  48  -3  25  39  10   23.2
  M2  1913   -16   0  21   9  54  21  33 -44 -30 -17 -35  -3   -0.6
  M2  1914    -7  10 -22 -45 -19  50  12  25  35  13  19  36    8.9
  M2  1915     6  11   7  -9   1  -6   1   4 -14  -6  -6   8   -0.3
  M2  1916    -6  14   6 -21   5 -14  10  -5   5  -4  -7  14   -0.3
  M2  1917    -5  37   9 -10  17 -18 -33  24 -16   3  17  18    3.6
  M2  1918   -15 -54  -7 -20  11  20  90  27  36  -3  42  47   14.5
  M2  1919     4  48  13  25  15  11   1 -18  31  36  30  45   20.1
  M2  1920     3 -21   2 -16  76 -57   9 -24  15  -5  32  48    5.2
  M2  1921    19  28  25  32   9   9  11   8  22 -46  48  -9   13.0
  M2  1922    -9 -18  20  24   5   2  36   2  -5 -12 -28   7    2.0
  M2  1923   -38  43   3 -17 -38   3  22  -7 -30 -36 -20  16   -8.3
  M2  1924   -27 -10 -68 -58 -10  -4  15   0 -48 -31 -71  -4  -26.3
  M2  1925    -5 -25   4 -25 -18 -30 -33 -50   4 -37  16  13  -15.5
  M2  1926   -58  73  28 -14 -33   2  -5  10  55 -14 -10  12    3.8
  M2  1927     5   7   2  46  11 -19   8 -20   6  46  41  24   13.1
  M2  1928    -6  14  -7  -2 -17   7   3   7  33 -25  -5 -11   -0.8
  M2  1929    16  60  -9 -18  -9   3 -36  42   9 -12 -46   6    0.5
  M2  1930     1   8  24 -30  35  47  37 -24  14  52   8  58   19.2
  M2  1931    25  60  40   4   5  14  -2  14  25  -3   8  19   17.4
  M2  1932     7   9  -1   0  26  27  57  19  -7 -33  37  -9   11.0
  M2  1933    -5 -11  16  10  15  12 -18  -3  -5  24   3  16    4.5
  M2  1934    21 -32  12 -16   4 -23  23 -28   9 -38 -18 -21   -8.9
  M2  1935    -2 -19 -21   5  -7   1   6  53  -9  -3  21   3    2.3
  M2  1936   -19 -23  45 -42  41  19   3 -39  29  -1 -44  32    0.1
  M2  1937    30  33 -13  -5 -14  26  12   6   2  19  23 -13    8.8
  M2  1938   -14 -44   1 -64  11 -30  -2 -20  16  49 -17  23   -7.6
  M2  1939    40  35  -4 -20  16 -38  70  -3  14 -36 -44 -15    1.3
  M2  1940   -23  48  44  25  20  34  -4 -19  12  18  11  41   17.3
  M2  1941   -14  31 -11  61  12  40 -15  -4  25  -4  18  35   14.5
  M2  1942    25  26  16  22 -16   6  30  10  -1  20  12  30   15.0
  M2  1943    23 -21  45 -13  31 -46  32   6 -38 -28  -7  17    0.1
  M2  1944    19 -30   3 -35  23  44  10  18  59 -16   4  20    9.9
  M2  1945   -13 -14  27  28  30  58  19 -34  -8  24  29  62   17.3
  M2  1946    36  28 -11 -14 -44 -21 -45  28 -15   9  58  21    2.5
  M2  1947    27  21  -6 -30   6  22 -33 -27  28 -14 -30 -10   -3.8
  M2  1948    -7  12   0  -1 -37   4 -22   7  16  11  -2  44    2.1
  M2  1949    16  -2  20  -2 -42  21  28  23  17  -1 -20  -9    4.1
  M2  1950    14  17  28   0 -44  42  25   7   9 -30  -4  23    7.3
  M2  1951     9 -20  31 -15   3  41 -25   9  19   2  -1  50    8.6
  M2  1952    25 -35  38 -21  43  23  42 -65  11 -17 -43 -18   -1.4
  M2  1953    -7  37   4  30 -20 -16  22 -55  32  -2   3   9    3.1
  M2  1954    28  -6 -47  14 -19  16  22   7  19   3  -1  11    3.9
  M2  1955    18 -12  -2  17 -17  24 -35 -13  30 -21  -1  15    0.3
  M2  1956   -39  21  42 -55 -69 -20  16   6 -17 -35 -32   3  -14.9
  M2  1957     5  11 -60 -16  14  42  23 -16  -7  -3  -2  22    1.1
  M2  1958    16 -26  17  87   4  40 -17   8 -22 -74   7 -15    2.1
  M2  1959    10  10 -27  18  45  41  35   0 -25  14  21 -22   10.0
  M2  1960    45 -17   0  -3 -32 -32  13 -17 -28 -22  -4  35   -5.2
  M2  1961    16  -1  39   2 -15   9  -9  17   1 -10  41 -11    6.6
  M2  1962   -20  30 -13 -16 -50   1 -35  -3  10 -51  -6   5  -12.3
  M2  1963    16 -31   4  19   4  15 -25  45  -7  29   8  19    8.0
  M2  1964     9   4  10  14  -3  29 -22  31   5 -20   0 -27    2.5
  M2  1965   -80  45  -2  15   4  45  26 -10  24  18 -26  15    6.2
  M2  1966    10 -18 -13 -10  28  -3  14   7 -35  -4 -11   9   -2.2
  M2  1967    -3  18 -42   7  44  40  -2 -33  34 -19 -23 -10    0.9
  M2  1968    10  25 -23 -33 -25 -25 -12 -29  24   8  14 -18   -7.0
  M2  1969   -25   2  27  23  18  59  10   9 -79  33  -6 -38    2.8
  M2  1970    16   3  -5  17  11  -7  13 -37 -20   7   2  22    1.8
  M2  1971   -28 -10   2 -54 -34 -36 -14 -52  11  16 -24  -2  -18.8
  M2  1972    16  40  -6  32  36  59 -10  19  45  13 -18  33   21.6
  M2  1973    19  10 -20  20  18  -2  -7 -39  12  13   7  -6    2.1
  M2  1974    21 -28  25 -47   5   3   5   4 -34 -18  -3 -28   -7.9
  M2  1975   -29   3 -22  11  -3  19  51 -31  23 -24  15  57    5.8
  M2  1976    -4  38 -25 -29  41  29   5 -15 -23 -20   3 -18   -1.5
  M2  1977    21   3  22  17  31  -2 -29 -27  26   4  -2  -6    4.8
  M2  1978    12  -2   8 -69   5  15 -18 -18 -35   6  14 -11   -7.8
  M2  1979    25  -6 -37 -14   0   9  -6 -31   5   1 -31 -14   -8.3
  M2  1980   -11   0  -9  11  42 -17  26  52  13 -16  16   2    9.1
  M2  1981    -3  13 -38 -17 -15 -37  -6  16  63  20 -35 -25   -5.3
  M2  1982    38   0 -13   2  11 -11  15  35 -29  21  27  34   10.8
  M2  1983    29  42  26 -25  25  -3   9   7  15 -48  -7  -6    5.3
  M2  1984     8 -20 -60  -7  22   7 -19 -41 -27  31   2 -39  -11.9
  M2  1985   -33 -13  17 -33   0 -67 -17  11 -35  24  -3 -23  -14.3
  M2  1986   -28 -26  10  16  -1 -38  34   3  10  -8   0  -7   -2.9
  M2  1987   -18  26   5  26   8  26  19 -21  30 -17 -49  -2    2.8
  M2  1988    34 -24 -22  21  22  16  20  17   8  -3   3 -19    6.1
  M2  1989   -41 -11  -1  29 -17  11  -1 -50 -50 -39 -20  30  -13.3
  M2  1990    15   7  10  15  19 -20  -5 -50  16 -28 -33  20   -2.8
  M2  1991    -3   3 -38   9  11  62  -1 -27 -39  13  40  32    5.2
  M2  1992    -7  22  54  57  34 -14   7  33  -4 -29 -28   5   10.8
  M2  1993    52 -16  18   2   4 -31   1  15  36  -8   7 -14    5.5
  M2  1994   -17 -30  50   7  23  -2 -11 -16  10  -2   0  33    3.8
  M2  1995   -10 -13 -16 -70 -38  22  -6  16 -25 -20   1 -39  -16.5
  M2  1996   -42   0 -11 -30  20  -1 -10  31 -58 -29  24  -2   -9.0
  M2  1997    12   1   1  24 -32  21  16  -8  -7  26  58  22   11.2
  M2  1998    27 -15  -5 -12  20   2 -46  22  30 -12 -30  -3   -1.8
  M2  1999   -33  -5 -32 -21   9  19  18  20  17 -11 -35  20   -2.8
  M2  2000   -22  21   8  -9 -26 -14 -45   2  11  -1  16 -25   -7.0
  M2  2001    30  12  -3  -6 -22 -13  34 -15  -3 -35 -32 -18   -5.9
  M2  2002    -7  10   0  22  33  15   8  31  15  42  23   2   16.2
  M2  2003    14  -6 -34  16   1 -41   3 -51 -15  -8  17   9   -7.9
  M2  2004   -24  13  34  -5 -56   1  11  40  15   4 -17  43    4.9
  M2  2005     4 -26 -12  48 -36  36 -15 -22  11 -10  28  -9   -0.3
  M2  2006     2  -2  27 -55 -17  13   2  28  13  25  -4  40    6.0
  M2  2007     8  13 -17  26   8  26 -18  31  -5  26  12 -28    6.8
  M2  2008    -3 -18 -13 -19  -3  16 -16  20  -1  21 -23 -20   -4.9
  M2  2009     2  18  22 -36  13  29  14 -37  -9  44  52  23   11.3
  M2  2010    -5   4  26   8 -18 -18   7 -26  -3   3   7 -20   -2.9
  M2  2011    -1  -9 -16   3 -60 -11  27  46  33 -42  22 -51   -4.9
  M2  2012     5 -13 -13 -23  14  29 -54 -53  -1  24  35   1   -4.1
  M2  2013   -11  10 -19 -27   2  -9   0 -61   7 -12 -33 -20  -14.4
  M2  2014    26 -12  14 -58  -8 -47  19  34  -6   8  27 -21   -2.0
  M2  2015   -19  18 -20 -13  16  17  21 -34  21  31  -4  31    5.4
  M2  2016   -25 -27 -14  -2 -18 -19  15  -7  -7 -16  -2  17   -8.8
  M2  2017     4 -12   4 -40  11  -8 -14 -41 -25   4 -10   6  -10.1
  M2  2018   -45 -25 -50   3   1  -4 -16 -36  19  25 -36 -20  -15.3
  M2  2019    16   1 -25  10   0  25 -35  42  26   0  -9 -14    3.1
  M2  2020   999 999 999 999 999 999 999 999 999 999 999 999  999.0
  M3  1896   -10 -10   0 -15 -19   5  72  20  34  15  23 -41    6.2
  M3  1897   -44  20  13 -11  16 -34  26   5  17  32 -46 -36   -3.5
  M3  1898    -6  -5 -35 -48  93 -39  31  34  -7  22 -88  24   -2.0
  M3  1899     1 -18 -30  13  17 -33  83  32  -6  74 -30 -16    7.3
  M3  1900    -9 -31 -83 -12  23-110  41 -77  63   6 -13 -27  -19.1
  M3  1901     6  13 -21 -34 -31 -79 121 -20 -94 -71 -19  52  -14.8
  M3  1902    -6 -49  10  47  99 -35   9  40  35  22 -10  20   15.2
  M3  1903    35 -72 -74 -39  33 -23 -11  14 -14 -66   8   7  -16.8
  M3  1904    -8 -27  21  19 -21  69 -45 -12  35  27 -23   2    3.1
  M3  1905    15 -45 -57  32 -39   4 -25 -51  76  47 -11  -5   -4.9
  M3  1906    22  40  20 -32  -3 -58 -12 -40 -20 -86 -39 -60  -22.3
  M3  1907   -16  -1 -18 -55  32 -11 -40 -43  34 -38 -54 -82  -24.3
  M3  1908     5 -71 -12  34 -47   9  69   6 -49  30 -56  -7   -7.4
  M3  1909    47 -40 -71 -65 -56  -9 -21  -5   6 -24 -45 -52  -27.9
  M3  1910    42 -30   2  -6 -52 -25  68 -47 -60 -24 -68 -47  -20.6
  M3  1911    37 -27 -40 -16 -69  15   8   9  13  17  57   3    0.6
  M3  1912    13  24  20  56 -23  67  30 -64  22 -24  -3 -41    6.4
  M3  1913   -13  -4 -26  -5  96  16  11  -6 -75 -16   6  26    0.8
  M3  1914   -52  18 -19 -26   7  20  -1  15  -7  25  21  15    1.3
  M3  1915     6  -1 -28 -12 -87 -42 -85 -74-120 -27 -37 -18  -43.8
  M3  1916   -39   6 -19 -65 -34 -92  -3  -6 -18 -11 -44 -78  -33.6
  M3  1917   -26  63 -60 -14 -35 -38 -29 -24 -70 -60 -76  24  -28.8
  M3  1918    37 -13  -1  64 -44   9  83  23   7 -13  18  -7   13.6
  M3  1919    28 -23 -46   5 -12 -20 -26  12  -4 -35  47 -14   -7.3
  M3  1920    32  19 -20   7  35-164 -72   8  35 -21   5 -36  -14.3
  M3  1921     2  21  -5 -26 -35 -44 -38  -4 -60  36 -37   7  -15.3
  M3  1922   -24 -35  63 -31 -26 -56 -25  -5 -14 -48   5 -17  -17.8
  M3  1923   -19  52 -16  48 -92  20 -16 -10 -68  -4 -65 -37  -17.3
  M3  1924    -9 -35 -16 -19  24  -3  -3 -41 -48 -12 -53  81  -11.2
  M3  1925    20   3   8 -14  22  61  26  59  97 -46  54  -5   23.8
  M3  1926    34  -3 -17 -81  59 -25 -36 -14  44 -58   2  -8   -8.6
  M3  1927   -21  -9  -2  26 -56  -8 -15  12  44 -15  24 -13   -2.8
  M3  1928   -45 -27 -37 -28  43  19 -51 -21 -36 -44 -39  -7  -22.8
  M3  1929   -47  26 -19 -18 -27   2  56 -23  26 -31  27  30    0.2
  M3  1930    40 -22 -19 -15  -1  38 -43 -12  69  43  -2 -15    5.1
  M3  1931    -9 -30 -53  18-121 -38  -3 -28 -27 -39 -45  13  -30.2
  M3  1932     2   0 -83 -46  41  84   8 -65  -8 -43 -51 -34  -16.3
  M3  1933    14  18 -75  57 -16 -17 -44  -5 -26 -62  13   5  -11.5
  M3  1934    32 -19 -14 -12  27  52  10 -30 -41 -63 -70 -45  -14.4
  M3  1935   -17 -15 -31 -25  12  86 -45   5 -28   9  12 -56   -7.8
  M3  1936    32  18  25 -19 -48 -36  37 -88  41 -64  35  -8   -6.3
  M3  1937     8  59  -8  38 -43  73   0 -35   5 -44  -8 -25    1.7
  M3  1938   -22 -70 -42 -30 -39  -3  74  -1 -30 -30 -32  23  -16.8
  M3  1939    59 -25 -28 -49 -28 -23 154 -16  -7 -15 -63  -3   -3.7
  M3  1940    -5   7-133  21  95 -31 -65 -31  -1 -19  -4 -64  -19.2
  M3  1941    20 -25 -32  39 -12  47 -68  66 -67  26   6  27    2.3
  M3  1942   -13  12 -24  -2 -45-132 -20 -89 -29 -17   1   3  -29.6
  M3  1943   -33  18 -14 -80  17  21 -74  45  47  14 -23 -20   -6.8
  M3  1944   -23   4  32  11 -20  78 -37  50  26  -7 -34 -10    5.8
  M3  1945   -17 -21 -11  40  77 -29  20 -74 -20  31 -80  52   -2.7
  M3  1946   -29 -65 -64  34 -37  12 -78  33  36  35  52  -2   -6.1
  M3  1947    -1  -8 -81  29 -46  -5 -43 -22 -18  -6 -54 -46  -25.1
  M3  1948    48 -43 -33  35  -3   6  -1 -72 -26 -20 -35 -55  -16.6
  M3  1949    60 -58  -8  68 -41  74 -17   5  12 -93 -33   5   -2.2
  M3  1950   -24  -4 -16  41 -28  75 -23   1 -61 -50 -32  -4  -10.4
  M3  1951    14   8 -47  18 -38  43 -59  13 -29   6   5  33   -2.8
  M3  1952     3 -19  -2 -37   0  -5 -46   4 -65 -69  27  -3  -17.7
  M3  1953    37  15  12 -11 -16   8 -18 -55 -18 -11 -48 -43  -12.3
  M3  1954    12 -23 -44 -14   1 -38  27 -12 -29 -40 -45  21  -15.3
  M3  1955   -12  -5 -18  -4 -42  72 -24 -64 -16 -65 -81-166  -35.4
  M3  1956   -47  17   4 -75 -26 -22  11 -14  -9 -17   4 -65  -19.9
  M3  1957   -11 -43   9 -51  60  18  35   1 -33  32 -27 -18   -2.3
  M3  1958    -2 -21 -44  41 -85  13 -14 -23 -50 -52 -68  15  -24.2
  M3  1959   -19 -26  -5  27 157 -34 -14  -8 -32  37 -57 -51   -2.1
  M3  1960     1 -14  18 -84 -87  69 -25 -18 -18 -52 -26  55  -15.1
  M3  1961    29  15  19 -34  26   1  46 -24  45 -91 -50 -61   -6.6
  M3  1962   -21  -7   8  31 -81 -56  -8  -6 -18 -32 -33 -24  -20.6
  M3  1963   -23 -16  -3  23   7  25  -2 -15   8 -13   8  32    2.6
  M3  1964    -9 -43  -3 -18 -24 -44 -40  16 -37   8 -27 -55  -23.0
  M3  1965    22  46 -32   3 -60  14  38  -9 -52   6   3  13   -0.7
  M3  1966    19 -41 -27 -20  11  14 -27 -14 -29   1   8  18   -7.3
  M3  1967     5   3 -24  27  19   0 -54   0  31 -44  28   8   -0.1
  M3  1968    16 -38 -39  26 -63  40   7 -59  15 -15 -58  18  -12.5
  M3  1969    12  -6 -21  34 -20  35 -59 -22  -5  21 -59 -35  -10.4
  M3  1970     2 -11   5 -20  41 -42 -47 -84  30 -39 -31 -50  -20.5
  M3  1971   -11 -24  28 -22 -42  -3 -27 -56   0 -30  -4 -65  -21.3
  M3  1972    56 -22  -6  58  77  38 -14  -1 -19   8  -3  38   17.5
  M3  1973   -36 -33 -32 -23 -10 -43 -43   5 -21 -14   4 -39  -23.8
  M3  1974    -1   3  -6   4  32 -21  32  63  -2  -7 -42 -41    1.2
  M3  1975     7  14 -47   1 -33  34 -50   6 -10   0 -25  25   -6.5
  M3  1976    36   3 -41  -4  -6  27  78  47  64  44  -3 -33   17.7
  M3  1977    51 -15 -75  34   3  20  22 -45 105   5 -46  14    6.1
  M3  1978   -45 -41 -23  14 -45  49   0  16 -24 -10 -49  29  -10.8
  M3  1979    -2  16   1 -35  49 -81 -30  37  15 -26 -54 -14  -10.3
  M3  1980     6 -21   4  14 -62 -10  50 -35 -21 -38  53   7   -4.4
  M3  1981    -7 -19 -26 -13 -36 -42  -5   4  31 -33  -7 -26  -14.9
  M3  1982    -5 -26 -39 -23 -32   8  40  10   5  51 -16  24   -0.3
  M3  1983    26   4   4  -3  29   2 -10 -21  -5   5 -41  63    4.4
  M3  1984     3 -17   8  17  10 -45   7 -65 -30   8 -23   0  -10.6
  M3  1985    26 -21   6 -30 -30 -31  29 -25  14  -5  21 -38   -7.0
  M3  1986    -8   3  -7 -50  12   4   2  21  19 -33  22 -40   -4.6
  M3  1987   -43  -4  21  12 -62  23  24 -28  73 -16 -19  35    1.3
  M3  1988   -34  69  45 -12   7 -33 -11   2 -48 -41 -50 -50  -13.0
  M3  1989    36  48  14 -11   1  21 -21 -22 -42  -1  11   8    3.5
  M3  1990     3   8   5   3  21 -16 -44  36  21   9 -12 -10    2.0
  M3  1991     1  15 -25  65  56  16  11 -29  26  16  38   9   16.6
  M3  1992    10  36  25 -13  39   2   1  63  53  27 -42  37   19.8
  M3  1993    19 -43  35  40   7  32-112  -5  52 -23   6  12    1.7
  M3  1994   -37 -25  59 -21 -11  13  34  13  91  38 -55  -1    8.2
  M3  1995    -2  21   0 -45 -14  81  68 -13  -4  30 -12  -8    8.5
  M3  1996   -27  15  22   7  24   5   3  28 -96 -12  41  -5    0.4
  M3  1997    27  36   6  35 -30  21  41  -4  60  20  -6 -22   15.3
  M3  1998   -10 -61 -17 -33   6 -32 -26  31 -39   8   8  -9  -14.5
  M3  1999    21 -57 -49  57 -88  26  38  13 -23 -32  47  12   -2.9
  M3  2000    60 -21 -19  25 -78  14 -59  27 -11 -21  58  -3   -2.3
  M3  2001    38 -17 -61 -32  80 -24  37 -11 -60 -24   6  25   -3.6
  M3  2002    26   3  33  19  55  -2 -16  36 -36 -20  19   9   10.5
  M3  2003    14  -3 -10  39   7 -58 -27 -44  27 -13  46 -13   -2.9
  M3  2004   -44  60   0  -2   2 -69 -29  11  30  30 -18 104    6.3
  M3  2005   -29 -22  33 -23  14 -30 -12 -62  -4 -23  -9 -48  -17.9
  M3  2006    15  -5  28   7  18  49   9  35 -14  32  24  38   19.7
  M3  2007   -13   5 -30  55 -98  70  17   7 -35  -4  22 -37   -3.4
  M3  2008   -28  18 -23  13   3   8  29  74 -40   1 -29 -20    0.5
  M3  2009   -34  35 -29 -52  88 -49   0-104 -70  74  15 -11  -11.4
  M3  2010    10 -13  -1 -22  10  33  -1  -2  43 -43 -51 -39   -6.3
  M3  2011    -7 -12 -22  30  28   3  47   2   3  28  -8   7    8.3
  M3  2012    20   4 -22 -41 -27  27 -21 -33 -28  71  -7 -20   -6.4
  M3  2013   -25 -22 -35  24  33  51 -70 -66  -5 -22  13  -2  -10.5
  M3  2014    35 -13 -27  27 -17 -51  -5  46  38  22  22 -54    1.9
  M3  2015   -36  12  -4  44 -25  42 -22   1  66  37 -34   6    7.3
  M3  2016    34 -16 -23 -33 -22 -75 -16  -7 -12 -26  27 -28  -16.4
  M3  2017    31 -34   1  37 -11   9   9  -1  21  -1 -15 -50   -0.3
  M3  2018    -7  43 -18  15  21   9 -47 -13  12  14 -13   3    1.6
  M3  2019   -17 -21 -89   0 -55  24   7  54  49  39 -68   5   -6.0
  M3  2020   999 999 999 999 999 999 999 999 999 999 999 999  999.0
 MZ1  1943   -22  11 -12 -14 -37   7 -11 -21   3  -1 -10 -19  -10.5
 MZ1  1944   -17 -23 -11  22 -11   0   8 -13 -17  10   0  -6   -4.8
 MZ1  1945     1 -17  -4  -1 -12 -16   2  21   0 -12  -5 -22   -5.4
 MZ1  1946   -12 -30   0   2  -3  -3  23  -1   2  -1 -21 -10   -4.5
 MZ1  1947   -16 -13  -8  -1 -19   2   8   1 -10   1   3   1   -4.3
 MZ1  1948     3  -4   3   2  10  -9   8  -6  -9   5  -4 -18   -1.6
 MZ1  1949   -14  20   2  -7  12   1  12 -23 -18   2  -6  33    1.2
 MZ1  1950    -9 -23 -11 -14  21  -7 -20  -4 -16 -12 -17  -9  -10.1
 MZ1  1951   -11   1  -8  -1 -14 -17  17 -11 -10   2  27 -14   -3.3
 MZ1  1952   -10   6 -13   3   7   9  -7 -14 -24   1   3 -14   -4.4
 MZ1  1953   -10  -8   2   0  13  -9   4  15  -9  -2   8 -13   -0.8
 MZ1  1954   -14  11   3 -27   8  -5   1 -13 -26  -6  -5 -17   -7.5
 MZ1  1955   -14  11 -10  -7  23 -10  -9   6 -25   8  -3 -10   -3.3
 MZ1  1956    18  -3  -7  22   5  18  -9   4 -10  -1  18 -12    3.6
 MZ1  1957    -9   0  11  16   4 -26 -14  -8 -22   8  20   7   -1.1
 MZ1  1958    -7  17   3 -23  15   4   3  12  -7  10  -8  -1    1.5
 MZ1  1959   -10 -10   3  -3 -27  -8 -12 -10   3 -20  -6  -3   -8.6
 MZ1  1960   -21   4   6 -20  15  -2   5  -1   6   1 -15 -38   -5.0
 MZ1  1961   -17   0  -6  -1 -10  -1   4 -30 -21  -6 -17 -11   -9.7
 MZ1  1962     0 -10   3  -2  15 -12  11   0 -14  24   0 -20   -0.4
 MZ1  1963   -14  15  25 -16   8 -13  -5 -15  -4 -23   4 -26   -5.3
 MZ1  1964    13   2   6  -5   2 -18  20  -3  -3   7   0   1    1.8
 MZ1  1965    20  -8 -10  -7   3 -15  -3 -24 -12 -15  20  -6   -4.8
 MZ1  1966    -6   9   3  11 -22  13  -8 -17  14   0  13  -9    0.1
 MZ1  1967     4   0  18   8   3 -13  17  19  -7   4  24  -8    5.8
 MZ1  1968   -10  -3   7  -6  14   8 -10   4   0  16   9  -9    1.7
 MZ1  1969     4   0  -6  -3 -10 -18  -7  -7  32 -17  -9   7   -2.8
 MZ1  1970    -8 -12   3  -6  -4   8  18  11  25   0   2 -15    1.8
 MZ1  1971     2   6   1  12  10  18  -3  11   0   5   6   1    5.8
 MZ1  1972    -4 -17  12  -4  -1 -18   8   5  -9  -4   7 -16   -3.4
 MZ1  1973   -13 -10   9  -6   8  -2  -4   0 -10  -4   1 -11   -3.5
 MZ1  1974   -17   9 -11  -3   6 -16  18 -10 -14   2  13   2   -1.8
 MZ1  1975    -6   2  17   4  16  -6   2  23 -15   7   0 -25    1.6
 MZ1  1976     2 -22  16   0   2  -7   7   1 -15   2   3  -1   -1.0
 MZ1  1977     7  -4  -2 -13   1  -3   9 -17 -23  -6   8  -2   -3.8
 MZ1  1978     2  -7   1  14  -1 -15   8   9   7  -1   0   4    1.8
 MZ1  1979    -6   9   1  13  13  -5   7  -9  -2   3  13   5    3.5
 MZ1  1980    17   4   2   3  -4  -5   0   1  10  10   1 -25    1.2
 MZ1  1981    -3   0  18  11   1   4   3 -22 -10 -10  13  15    1.7
 MZ1  1982    -2  -4   2 -16  20  -7   9  -8   9  -8   2  -1   -0.3
 MZ1  1983     5  -7   3  11  -2   0 -10  -4   5  15   4   7    2.3
 MZ1  1984     3   5  27  -2   4   2  18  22  -7  -1  12  15    8.2
 MZ1  1985    21   5 -12  13 -18  11 -13   4  19 -14   3  12    2.6
 MZ1  1986    11   8  -8   0   6  14 -10 -15 -23   4   0  -6   -1.6
 MZ1  1987    11  -7 -11 -12   0   2 -11   1   2  20   3   8    0.5
 MZ1  1988   -15   8   5 -16  -3   2   3   4 -12  26  -6   7    0.3
 MZ1  1989    12  13   7  -2 -17   2   7  -1  -6  18  -4   0    2.4
 MZ1  1990    -1   0  -3  10  11  -5   6  20 -15   1  12  -2    2.8
 MZ1  1991    13  -3   0   4 -13 -32  20  34  16  -5 -19 -11    0.3
 MZ1  1992     0  -1 -14 -28 -23   0   4   3 -17 -11  -5  -6   -8.2
 MZ1  1993    -7 -10   5  -2   6  21  -6 -14 -22   4  -2  -3   -2.5
 MZ1  1994    10   8 -11  -1   2   0   9  11  11  -5  21 -18    3.1
 MZ1  1995     5  -7  19  14  11  -7  25  -5  17   5   8  12    8.1
 MZ1  1996    -2  11  10  24   0   5   5   3  29  16  15   0    9.7
 MZ1  1997    -2   9  -9   6  14 -17  -6 -10  -4 -20 -12  -2   -4.4
 MZ1  1998    -8   9   9   2  -7   5  22  -7  -4  32  -3   2    4.3
 MZ1  1999    -5   6   3   0  -3  -1  -5   0  -7   7  15 -12   -0.2
 MZ1  2000    11 -11 -24   2   8  11   7  -2  -1  18 -13  13    1.6
 MZ1  2001   -12 -14   3  -4  11   0 -16   3  -9   4  15   7   -1.0
 MZ1  2002     5   1   8  -8   1  11 -21 -12   8 -11  -6  -9   -2.8
 MZ1  2003    -7  -2   3 -13   4  14  -6 -12   0  -1  -8  -5   -2.8
 MZ1  2004    -3   9 -13  -5  13  13 -11 -18  11  -4   6  -9   -0.9
 MZ1  2005    -1   4  -8 -24   1 -18   7   0  -2  -8 -16   1   -5.3
 MZ1  2006     4  -6 -13  27   0 -12 -17 -10  -6 -16  16 -22   -4.6
 MZ1  2007    -5  -9  15 -11   2  -9  -1  -6  -5   5 -15  -1   -3.3
 MZ1  2008    -2   9  -2   3 -15  -9  18   0   2  -3  17   1    1.6
 MZ1  2009   -13   4  -3  18  -5 -15  -2  19  -1 -21 -19  -6   -3.7
 MZ1  2010   -10   0  -9   2   2   1 -17   6  21 -15 -17  12   -2.0
 MZ1  2011    -9  -6   4  -6  25   8   8 -26  -9  11  -5  12    0.6
 MZ1  2012    -4  10  -8  -9  -5   4  10   3  15   8 -15  -1    0.7
 MZ1  2013     4 -11  -2   7   6  -6  -7  -1  -7   9  -8  -5   -1.8
 MZ1  2014    -2 -10 -12   9  10  17  -3 -11 -14   2   3   4   -0.6
 MZ1  2015    -8  -3  13  14   9   4   0  10 -27 -16  -4 -18   -2.2
 MZ1  2016     3   8   4  -8  27   8  12 -12  -5   3  10 -11    3.3
 MZ1  2017     7  -2 -11   4  -5 -13  -2  20   7  -5  -5 -16   -1.8
 MZ1  2018    11  21   7  -2   5 -19  33   5 -27 -13   1  -8    1.2
 MZ1  2019   -21  -6  11 -10  10 -14  21  -3  -8  -6  -1   5   -1.8
 MZ1  2020   999 999 999 999 999 999 999 999 999 999 999 999  999.0
 MZ2  1948   999 999 999 999 999 -27   9  -8   6  22 -16   4  999.0
 MZ2  1949   -40  72 109  -3  -5 -19  36 -13 -12  30 -28  56   15.3
 MZ2  1950    -5  -3   2 -29  12  -8 -14 -12 -20 -34 -15  -1  -10.6
 MZ2  1951   -56  -6 -24 -20 -26 -36  45 -21   3  -8  45 -19  -10.3
 MZ2  1952    23  17   1  18  15  19  -4 -38 -20   5 -34 -33   -2.6
 MZ2  1953   -54 -12  10  11   4 -34   4  14  14 -19  36  -3   -2.4
 MZ2  1954   -22  38   2 -25  -3  19  -7  -6 -27  22   9 -43   -3.6
 MZ2  1955    -3  22  -8  -4  38 -34 -38  16 -18   4  19 -22   -2.3
 MZ2  1956    12  -5 -15  30 -37  19 -19  -3 -18 -21  20  -3   -3.3
 MZ2  1957    -2   5 -13  16   9 -13 -26 -21 -45  25  34  35    0.3
 MZ2  1958    -1  23  23   1  45   1 -10  19  -1   4   5  -8    8.4
 MZ2  1959   -25   3  -7 -14 -67  20  -1 -10  11 -46  24 -28  -11.7
 MZ2  1960    -6  11 -16 -23  11 -29  19  -9 -20  -2 -23 -60  -12.3
 MZ2  1961   -49  10  -5   4 -20  10   7 -49 -43  21   7 -14  -10.1
 MZ2  1962     2  -8  -8 -18  16   4  16  10 -13  25  11 -30    0.6
 MZ2  1963   -17  29   9 -28  30 -29 -38 -12 -16 -14  19 -16   -6.9
 MZ2  1964    53 -11  42   3  11 -23  37  29  12  10  13   6   15.2
 MZ2  1965     0  11 -10  -6   9 -12  -5 -45   1  -4  29   1   -2.6
 MZ2  1966    -2  18  -6  30 -62  15 -24 -42  -6  -7  11 -13   -7.3
 MZ2  1967    -2  18  12  22   6 -25  16  14 -33  13  26 -13    4.5
 MZ2  1968    -8  27  -2 -43  19  -6 -24  20   3  53  39 -48    2.5
 MZ2  1969    -4 -17  20  -2 -30  -8  14   5  43  -5 -21   7    0.2
 MZ2  1970   -17 -14 -21  12 -36   0  41  21  35   8  -3 -11    1.3
 MZ2  1971   -32  -8 -12 -14  -5   0 -17  -3  15  14 -13  -6   -6.8
 MZ2  1972   -13 -37  29   4  -7 -30   5 -12  20   5   5 -23   -4.5
 MZ2  1973   -11  -7  11  -2  25   1 -25 -23 -15   8  14 -29   -4.4
 MZ2  1974   -36   3 -37 -43  -5 -33  10 -51 -45 -24   1  -5  -22.1
 MZ2  1975   -38   2  16  27  33 -31  22  22  -9  -8  -6 -17    1.1
 MZ2  1976    -8 -30  14 -22  12 -13  15 -26 -67 -27 -31  -8  -15.9
 MZ2  1977    -1  -1   0  -7 -25 -15 -22 -34 -65   5  20   0  -12.1
 MZ2  1978     2  -1  22  -9 -18 -67   1  24 -21  -5  29 -11   -4.5
 MZ2  1979    20  26 -35  23  -6   0  10 -32   6 -10  20  24    3.8
 MZ2  1980    10  10  -3 -24   5 -19  -8  29  63  22   7 -36    4.7
 MZ2  1981     3  13   7  24 -13 -19   3 -56  13  -1  -2  23   -0.4
 MZ2  1982    22  13   4 -38  36 -41   8  25   0 -19  43   6    4.9
 MZ2  1983    33 -11  29   2   0   4 -23  -7  10 -10   2  -8    1.8
 MZ2  1984     5 -12   2   6 -12  18   4  22 -33   9  17   7    2.8
 MZ2  1985    36  11 -33   8 -43   6  -4   4  18 -40 -19  -3   -4.9
 MZ2  1986    10  -3 -21  34   4  42  -1 -54 -37 -18 -12 -11   -5.6
 MZ2  1987    19   3 -34   4  18   7 -23  16   7  23 -10  18    4.0
 MZ2  1988     7   4   5 -20  12   7  32  26   5  83  10  18   15.8
 MZ2  1989   -17  -7  14  -7 -36  -3  -1 -22 -39   6  -6   6   -9.3
 MZ2  1990    10   2  -5  28  49  -7  10  -5 -27  -6  -9  24    5.3
 MZ2  1991    19   8 -22  -2 -10 -45  14  58  13   4 -28 -30   -1.8
 MZ2  1992    -6   6  18 -41 -45  -8  17 -11 -58 -46 -26 -31  -19.3
 MZ2  1993     9 -15  -7 -26   0  56  20 -16 -39  32 -25 -24   -2.9
 MZ2  1994    21  -2 -35  25   9 -10   8  50 -10 -14  60 -12    7.5
 MZ2  1995    -4 -26  35  -8   8 -39  33  -2  15  -5  -6  35    3.0
 MZ2  1996   -31  -2 -16  22   7  -4 -40  -7  38  25  15   1    0.7
 MZ2  1997   -35   1 -26  13  10 -23   9   2 -42   5  33  27   -2.2
 MZ2  1998     9  40  49  25  -1  10  40  -1  19  55 -24   5   18.8
 MZ2  1999   -33   4  20 -11  25  -6 -11  -1  -9  12  -4 -17   -2.6
 MZ2  2000   -24  10 -31   6  40  29  16 -14   6  35 -38  27    5.2
 MZ2  2001   -13   4   9  13   0  18 -36   6  -3 -15   0   1   -1.3
 MZ2  2002   -19  -9  35 -26  22  30 -24  -4  50  -2 -11   5    3.9
 MZ2  2003    -8  11  -5 -47  14  39   4 -27   9 -10   3   6   -0.9
 MZ2  2004     1  16   0 -12  10  38  -8 -30  19 -20  16 -25    0.4
 MZ2  2005    -2   4 -15 -23   4 -22  21  20  -6 -30 -24  -5   -6.5
 MZ2  2006    16  -4 -23  23 -25 -29  -9 -12  15  -7  37 -39   -4.8
 MZ2  2007   -14 -28  31 -28  36 -13 -25   4 -11  22 -20 -14   -5.0
 MZ2  2008    -7   5  -4 -13 -43   4  -3 -25  21  14  37  -8   -1.8
 MZ2  2009     4 -15   5  24 -39 -37  11  57   8 -47   3   5   -1.8
 MZ2  2010   -21  -3  11  24 -39 -22 -30 -11  47 -18 -18  16   -5.3
 MZ2  2011   -20   0   4 -29  30 -13  30 -34  -5 -15   4 -18   -5.5
 MZ2  2012    -3 -10 -23 -11  -7  -3   3 -20  30  13 -21  17   -2.9
 MZ2  2013    17 -19 -11  -5 -17 -42  26   5 -15  49 -33  -9   -4.5
 MZ2  2014     4  -8 -27 -33  34  21  -5 -16 -27  10  25  -4   -2.2
 MZ2  2015   -15  -6  -3   8  33  24  15  10 -55  11   5 -20    0.6
 MZ2  2016   -24  28   5   6  47  13  39 -20 -30  -4  16   4    6.7
 MZ2  2017    24   5 -35 -21 -15 -19 -23  15   8 -16 -24 -14   -9.6
 MZ2  2018   -10  10   5  -1  13 -46  62   1 -41 -31 -20 -44   -8.5
 MZ2  2019    -3  11  13 -32  38 -21  28  14 -18 -16  35  20    5.8
 MZ2  2020   999 999 999 999 999 999 999 999 999 999 999 999  999.0
 MZ3  1944     9 -21  -6 -20  12  47  12  10  55  -9  12  19   10.0
 MZ3  1945   -18 -23  35  33  20  45  16 -23 -11  16  43  58   15.9
 MZ3  1946    40  32 -15 -16 -56 -34 -33  36 -13  12  53  24    2.5
 MZ3  1947    20   9 -20 -43 -10  25 -33 -23  26 -15 -33 -18   -9.6
 MZ3  1948   -10   6   9  -2 -34  -6 -22  -1  11  20 -11  35   -0.4
 MZ3  1949     6  10  26  -4 -49  19  45   9   6   6 -32  -4    3.2
 MZ3  1950    14  15  26  -9 -40  34  16   0  -6 -59 -25  17   -1.4
 MZ3  1951    -9 -25  21 -15  -6  25 -14   1  13   4  25  50    5.8
 MZ3  1952    30 -40  38 -18  57  32  36 -92  -6 -21 -50 -37   -5.9
 MZ3  1953   -22  35   6  41 -20 -29  22 -57  28 -15  23   2    1.2
 MZ3  1954    16   7 -50  -3 -25  17  23  -5  -5  -9  -2  -7   -3.6
 MZ3  1955    12   2 -18  10  -8  13 -50  -6  16 -28  -1  -4   -5.2
 MZ3  1956   -32  19  39 -48 -83 -16   9   2 -33 -47 -21  -7  -18.2
 MZ3  1957     0   8 -64  -3  19  29  16 -30 -28   8  24  39    1.5
 MZ3  1958    21 -18  27  89  24  59 -25  18 -39 -84  -2 -23    3.9
 MZ3  1959    -5   4 -35  15  30  38  25 -12 -27 -12  24 -36    0.8
 MZ3  1960    41 -21  -3 -20 -28 -40  18 -23 -36 -32 -19   3  -13.3
 MZ3  1961    -5   1  39   1 -32   4  -5 -11 -19 -20  36 -32   -3.6
 MZ3  1962   -27  22 -22 -30 -51  -2 -27  -7  -4 -47 -10 -21  -18.8
 MZ3  1963     6 -21  32   6   7  -1 -44  36 -13   9  12  -4    2.1
 MZ3  1964    29   3  24  10   1  11 -11  36   6 -24   8 -30    5.3
 MZ3  1965   -80  51 -12  16   7  40  22 -34  23   8  -6  12    3.9
 MZ3  1966     7 -13 -20   0  11   6   7 -10 -39  -8  -3   6   -4.7
 MZ3  1967     4  17 -35  18  51  31   2 -27  26 -18  -6 -26    3.1
 MZ3  1968     8  32 -24 -37 -15 -25 -23 -30  32  28  33 -38   -4.9
 MZ3  1969   -23  -7  34  33   5  50   9  10 -65  28 -22 -37    1.3
 MZ3  1970    11  -5  -3  21   1  -9  32 -34  -1   8  -3  13    2.6
 MZ3  1971   -39 -11  -3 -58 -34 -30 -33 -55  11  25 -28 -14  -22.4
 MZ3  1972    12  28   3  38  37  50  -2  17  54  16 -15  28   22.2
 MZ3  1973    11   2 -17  20  35 -11 -21 -44  -3  12  17 -22   -1.8
 MZ3  1974     9 -24  14 -57   3 -13  20 -10 -53 -24  -4 -35  -14.5
 MZ3  1975   -42   8 -14  17   7  11  63 -17  10 -32  15  51    6.4
 MZ3  1976    -4  25 -20 -41  49  28  12 -19 -44 -30   0 -18   -5.2
 MZ3  1977    35  -2  20  15  36  -9 -32 -44  12  -3   8  -3    2.8
 MZ3  1978    15 -11  12 -69  -3  -8 -11 -13 -42   0  17 -12  -10.4
 MZ3  1979    28   3 -45  -1   7  -3  -6 -49   9  -2 -27 -10   -8.0
 MZ3  1980     5   1  -9  13  44 -25  29  63  35 -13  23 -18   12.3
 MZ3  1981   -10  14 -30 -11 -23 -40   6  -4  72  15 -36 -18   -5.4
 MZ3  1982    46  -4 -15 -13  32 -23  19  33 -28  17  53  43   13.3
 MZ3  1983    48  45  42 -16  36  -5   5   6  24 -50  -4  -2   10.8
 MZ3  1984    13 -21 -49  -6  26  12  -6 -28 -37  40  11 -36   -6.8
 MZ3  1985   -19 -14   4 -30 -16 -71 -25  15 -32   7   0 -22  -16.9
 MZ3  1986   -25 -22   5  23   3 -29  33 -24  -8  -8  -1 -15   -5.7
 MZ3  1987   -11  29  -2  20  14  31  11 -21  40  -9 -58   3    3.9
 MZ3  1988    29 -18 -23   8  23  24  31  19   7  33 -13 -23    8.1
 MZ3  1989   -47  -8  10  29 -27  16  -1 -63 -72 -36 -31  37  -16.1
 MZ3  1990    17   9   9  30  39 -22   0 -42   5 -33 -29  30    1.1
 MZ3  1991    12   8 -42  15   4  52  11   1 -37   9  35  28    8.0
 MZ3  1992    -7  29  59  45  12 -15  17  46 -16 -46 -34  -8    6.8
 MZ3  1993    59 -25  25   0   8 -14  -6   3  22   1   2 -17    4.8
 MZ3  1994    -3 -33  47  11  38  -3  -2  -4  19 -13  27  21    8.8
 MZ3  1995   -14 -21  -1 -70 -35  21  18  19 -12 -24   5 -33  -12.3
 MZ3  1996   -51  11   3  -7  29   5 -12  43 -40 -12  48  -2    1.3
 MZ3  1997     7  10  -8  38 -24   8  12 -13 -27  17  68  28    9.7
 MZ3  1998    30  -4   4 -10  16   2 -38  18  31  17 -50  -6    0.8
 MZ3  1999   -49  -5 -34 -26   8  13  18  20  13 -10 -35   3   -7.0
 MZ3  2000   -21  17 -13  -9 -25  -7 -53  -1  18  15  -1 -14   -7.8
 MZ3  2001    24  -5  -7 -16 -17 -13  17 -11 -14 -39 -29 -12  -10.2
 MZ3  2002    -9   6  11  12  38  28 -10  30  33  38  26  -3   16.7
 MZ3  2003     8  -7 -43   3   3 -27  -2 -72 -10 -15  16   8  -11.5
 MZ3  2004   -28  29  35 -10 -48  16   3  35  26  -2 -12  40    7.0
 MZ3  2005     1 -23 -19  35 -44  25 -10 -24   9 -25  18 -10   -5.6
 MZ3  2006     7  -8  16 -36 -20   1  -6  23  17  26  16  28    5.3
 MZ3  2007     6   2  -5  21  11  22 -31  30 -15  42  -3 -43    3.1
 MZ3  2008   -14 -18 -20 -25 -21  10  -5  21   0  21 -13 -21   -7.1
 MZ3  2009    -3  19  23 -26  10  19  18 -24 -18  28  50  23    9.9
 MZ3  2010   -11   1  26  15 -30 -23  -6 -23  24 -10  -8 -13   -4.8
 MZ3  2011   -10 -10 -18  -5 -47 -15  39  28  28 -49  29 -67   -8.1
 MZ3  2012     2 -11 -26 -37   9  37 -65 -61   8  36  24  -6   -7.5
 MZ3  2013    -6  -2 -25 -25  -1 -18   2 -67   4   2 -50 -27  -17.8
 MZ3  2014    32 -20   6 -58   3 -46  15  29 -24  12  44 -25   -2.7
 MZ3  2015   -31  17 -13   0  25  26  26 -33  -1  30  -4  17    4.9
 MZ3  2016   -27 -26 -18 -12   8 -18  30 -19 -18 -16  15  12   -7.4
 MZ3  2017    24 -11  -8 -45   8 -21 -19 -32 -17  -3 -23 -11  -13.2
 MZ3  2018   -49 -14 -51   5   6 -24  12 -35   1  12 -40 -36  -17.8
 MZ3  2019     8  -5 -22   3  10  14 -22  51  19  -2  -3 -14    3.1
 MZ3  2020   999 999 999 999 999 999 999 999 999 999 999 999  999.0
 MZ4  1944    -1   8   0  17  -6  15   2   2   5   2  15  15    6.2
 MZ4  1945     2   0  10  15   9  -3  -1   3  -2  13   8  12    5.5
 MZ4  1946    12   1  -2  -3  -6  -7  12  17   7   5   8   9    4.4
 MZ4  1947    10   1  -4  -2  -2  18  -2   9   9   8  -3  -3    3.3
 MZ4  1948    -1   3   4  11  16   2  19   1   5  11   5  12    7.3
 MZ4  1949     9  10   4  11  -8  17  23   4   2   5  -1  11    7.3
 MZ4  1950     5   2   0  -5  -9   4  -5  -5  -9 -11 -10   2   -3.4
 MZ4  1951    -2  -1  -5   6  -4  -8   5  -6  -4   7  16   8    1.0
 MZ4  1952    12  -6   3   5  14  19  -1 -18  -8  -3   8  -5    1.7
 MZ4  1953    -4   7   5   5   1   3   6  -8   4   0   7   4    2.5
 MZ4  1954    -2   5   4  -5  -6   7   6  -2  -7  -4   0  -1   -0.4
 MZ4  1955     3   7 -10   0   2   2  -9   6  -5  -4   4 -10   -1.2
 MZ4  1956    -2  -2   2   3 -14   9   1   0 -10  -4   8   3   -0.5
 MZ4  1957     4  -2  -2   6  17   6  -4 -15  -8  15  13  15    3.8
 MZ4  1958     5   2   4   9   7   1  -7   3 -14 -12  -3   6    0.1
 MZ4  1959    -5  -2  -3   4   7  -5  -2  -5  -2 -11   0  -7   -2.6
 MZ4  1960     7  -4  -3  -8  -3  -5   4  -3  -6  -3  -8  -7   -3.3
 MZ4  1961    -5   4   3  -4  -4  -2   6 -12  -4  -6   1  -8   -2.6
 MZ4  1962     3   1   2  -2  -5   8   2   3  -3   4   7  -7    1.1
 MZ4  1963     0   6   3  -2   4  -3 -11   7   2  -5   6   3    0.8
 MZ4  1964    17  -4   9  -4   0  -5  16  13  10  -1   8  -1    4.8
 MZ4  1965    -3  13   2   3  -1   4   4 -10   0   0   9   2    1.9
 MZ4  1966     0  -2  -5   5 -15   4  -4  -6 -13   1   0   2   -2.8
 MZ4  1967     2   5  -9   7   5  -7 -10   0  -6  -3  10   1   -0.4
 MZ4  1968     7   6  -3  -1   0  -1  -6  -2   5  10   6  -8    1.1
 MZ4  1969     6 -10   7   5  -1  -1   2  -3  -4   0 -18  -2   -1.6
 MZ4  1970     1  -6  -6   5  -4   1   9  -4  10   3  -5   0    0.3
 MZ4  1971    -4  -3  -4  -7  -3   7  -1  -1   4  12   0  -6   -0.5
 MZ4  1972     4  -1   1   9   8   2   6   3   9   6  -4   3    3.8
 MZ4  1973     5   0   3   7  14  -3 -14  -4   1   1   5  -7    0.7
 MZ4  1974    -5  -1  -6  -2   1 -11  19  -3  -4   0  -6  -4   -1.8
 MZ4  1975     0   1   3   6   5  -5  10   4  -1  -6  -2   2    1.4
 MZ4  1976     5  -1  -7  -6  10   7  12  -3 -11  -1  -8   5    0.2
 MZ4  1977     6  -2  -3   7   3   2   1 -10  -2   4   3   2    0.9
 MZ4  1978    -3   0   0  -1 -11 -15   5   0  -5  -3   1   4   -2.3
 MZ4  1979     2   6  -6   4   1 -13   0   0   4  -1   1   1   -0.1
 MZ4  1980    10  -2   3   2  -2  -7   5   7  14  -4  13  -8    2.6
 MZ4  1981    -6  -1  -3   5 -10   4   9  -1  12  -1  -6   4    0.5
 MZ4  1982     6  -3  -4  -6   9 -12  -2   9  -1   3   8  10    1.4
 MZ4  1983    13   2   5   0  12  -3  -6   0  15  -5  -4   2    2.6
 MZ4  1984     1  -2   2   5  -1  -2   1  -2  -9   2   2  -2   -0.4
 MZ4  1985     8  -5 -10 -10 -12  -5  -1  -3  -6  -9  -7  -2   -5.2
 MZ4  1986     5   5  -1   9   3   5   4  -6  -2   5   1  -3    2.1
 MZ4  1987     6   6   1   5   3   6  -5   0  12   2  -5   3    2.8
 MZ4  1988     1   3  -2  -6   4   4   3   4   1  13   4  -5    2.0
 MZ4  1989   -11   4   5   1  -5  -2  -2 -15 -23   6  -7   4   -3.8
 MZ4  1990     4   2   0  11  12   1   1   4  -4  -1   1   4    2.9
 MZ4  1991    10   6  -4   8   2   1   3  11   9   4   1   3    4.5
 MZ4  1992     1   4   8  -5   2   4   3  12  -4 -13  -8  -5   -0.1
 MZ4  1993     6  -6   1   0   3  10  -4  -5  -2   4   0   2    0.8
 MZ4  1994     2  -5   2   2  12   3   8   6  11  -5  11  -3    3.7
 MZ4  1995    -4   1   5  -4  -4   4  13   2   6   3   4  -3    1.9
 MZ4  1996    -9  -2   1   6  -4   0  -2   3  -3  -2   9  -1   -0.3
 MZ4  1997    -3   1  -2   5  -4  -9  -4  -1 -12   3  10   2   -1.2
 MZ4  1998     4   6   3   1  -1  -4   1  -8   3  14 -13   0    0.5
 MZ4  1999    -8  -7  -1  -5   1  -1   4   2  -3  -3  -5  -2   -2.3
 MZ4  2000     1   1  -3   4  -1   2 -12  -1   3   5  -7   1   -0.6
 MZ4  2001     2  -6  -1  -4  -2  -3  -6   2 -10  -1  -5  -5   -3.3
 MZ4  2002     1  -1   4   0   8   7  -1   1   9   3   2   2    2.9
 MZ4  2003    -4  -5  -8  -8   0   6  -2 -15   7  -2   6   2   -1.9
 MZ4  2004    -1  14   0   0  -4  10  -1   4   7   2   1  17    4.1
 MZ4  2005     3   1   1  -1  -1  -3   2  -7  -3  -7  -8  -1   -2.0
 MZ4  2006    -2   0  -3   5  -5  -5  -1   1  -4  -1  11  -1   -0.4
 MZ4  2007    -2  -7   2  -1   5   0  -5   4 -10   9  -5 -10   -1.7
 MZ4  2008    -4   1  -3  -2 -13   1   9   7  -4   2  -4  -2   -1.0
 MZ4  2009    -2   1  -4  -6   0 -16   0  -1  -4  -5   6   1   -2.5
 MZ4  2010    -5  -1   3   3  -6  -1  -9   0  13 -10 -11  -2   -2.2
 MZ4  2011    -6  -1  -4  -2   6  -2   5  -4   4  -3   4 -10   -1.1
 MZ4  2012     4   1  -4  -6   0   6  -8  -2  -1   8  -3  -3   -0.7
 MZ4  2013     2  -3  -3   5  -2  -5   0  -6   0   9  -8  -2   -1.1
 MZ4  2014     3  -5  -3   1   4  -1  -5  -5  -4   3   6  -6   -1.0
 MZ4  2015    -5  -1  -2   5   4   9  -1   4  -7   1  -2  -2    0.3
 MZ4  2016    -2   0  -2   0  16  -1   8  -6 -11   1  10   1    1.2
 MZ4  2017    12   0  -2  -2  -3  -9   6   2   6  -2 -13  -8   -1.1
 MZ4  2018    -2   1  -8   8   4  -8  10   1  -9  -4  -4  -2   -1.1
 MZ4  2019     2  -3  -2  -1   4  -5   4   8   0  -2  -1   2    0.5
 MZ4  2020   999 999 999 999 999 999 999 999 999 999 999 999  999.0
  ZN  1911   -24 -53 -38 -27 -57 -20 -26 -29 -27  -9  29  43  -19.8
  ZN  1912    21  -6 -18   0 -16  23 -23 -14  33  10  13 -18    0.4
  ZN  1913     7  -7   3 -18  14 -29  -1 -58   5 -20 -23 -36  -13.6
  ZN  1914   -15 -27 -56   8 -47 -13  -6 -27 -37   3  21  43  -12.8
  ZN  1915    12  26  -3   0-102  99 -11 -32 -17 -13  10 -33   -5.3
  ZN  1916   -19  -9 -11   7 -24 -16 -23  -6   0 -27   9 -42  -13.4
  ZN  1917   -25   1 -45  -7 -29 -39  27 -12   2   0 -41 -26  -16.2
  ZN  1918   -33 -32 -29  -7   5  14  22  22  -2   0  22   3   -1.3
  ZN  1919    32 -20   6   8 -19   9 -17  -4 -20 -15  13 -10   -3.1
  ZN  1920   -19 -25 -11  -5  12  -2  -4  63 -15  -6  31  -8    0.9
  ZN  1921   -28 -15  16  14  -2  14  32  22  10 -10  11 -13    4.3
  ZN  1922   -66 -36  29  19 -30 -33 -11   0 -23   9  16 -10  -11.3
  ZN  1923   -16  36   7 -27  -9   2 -30 -20 -11 -24  -4  16   -6.7
  ZN  1924   -10   4 -40  -5 -24   4   7 -22  -1   2 -18 -12   -9.6
  ZN  1925   -24   9  12  16  12 -42  -8 -23  36 -11  26  24    2.3
  ZN  1926     2  34  -4  21  31  -5  -9   0  18   2  18 -18    7.5
  ZN  1927    -2   4  21  18  -7 -29  -3  -3 -16  11  18 -19   -0.6
  ZN  1928   -27  -9 -28   8   2 -31 -17  -7  35  12 -19 -25   -8.8
  ZN  1929     3  16  -4 -34 -52  20   3 -13   1 -33  -3  23   -6.1
  ZN  1930    11 -19   1 -11   2   7 -13 -27 -19   9  34  -8   -2.8
  ZN  1931    41  18   6  -2  -9   3  25  15 -12  12  13 -12    8.2
  ZN  1932    18 -17 -31 -10 -20  20 -19 -20 -48 -16   9 -19  -12.8
  ZN  1933    -4  25   1  35   1 -16 -24  -7 -21  -1 -22  -1   -2.8
  ZN  1934    15 -18   2   6  -8 -19   3  -4 -14  -4 -21 -31   -7.8
  ZN  1935    16 -24 -19  -4  -8   8 -35  21 -52   3 -10 -22  -10.5
  ZN  1936   -15 -13  -2  -4 -15 -13   7  16  16   2 -12 -13   -3.8
  ZN  1937    12  16   1  -6   0 -31  -2 -31 -14 -35   0 -15   -8.8
  ZN  1938   -20 -16  -3 -28  -5 -11 -40 -19 -12  12 -12  23  -10.9
  ZN  1939    31  12 -17 -22 -10  11   7  11  -5 -29  -8 -12   -2.6
  ZN  1940    17  64   5 -11   0   7 -22 -26  -7  -5 -11   2    1.1
  ZN  1941    -5  16 -12  13   2  -5 -15 -22  -5 -14  23   1   -1.9
  ZN  1942    12  -4   6  20  -2 -24   5 -14  17  -3   4   3    1.7
  ZN  1943    -2  34  19   2 -35   3  -2 -29   3 -25 -29  -9   -5.8
  ZN  1944   -11   1 -18  22 -25  26  -3  -9  10  -2  24  25    3.3
  ZN  1945    -9  -7  32  35   3 -16  -7   2 -12   6  28  18    6.1
  ZN  1946    30  14 -17 -12 -26 -30  16  30  11  11  12  19    4.8
  ZN  1947     7  -5 -23 -17 -13  22 -11  13  18   5 -10 -16   -2.5
  ZN  1948    -3   1  14   3  14 -13  15  -9   6  17  -9  17    4.4
  ZN  1949    -6  32   9  16 -29  11  43  -3   0  10 -20  18    6.8
  ZN  1950     5  15   5 -12 -28  -1  -9 -11 -21 -45 -26  -1  -10.8
  ZN  1951   -23  -9 -19   0 -16 -21   9 -18   4   2  37  15   -3.3
  ZN  1952    31 -18  15   8  28  34  -3 -51 -20  -8  -2 -25   -0.9
  ZN  1953   -20  10  13  19  -2 -17   9 -17  11 -14  25   3    1.7
  ZN  1954    -5  17  -2 -12 -20  16  12  -7 -15  -9   0 -17   -3.5
  ZN  1955     4  18 -22   0   4  -6 -33  10 -10 -12  10 -32   -5.8
  ZN  1956    -6  -4   1   6 -48   4  -1  -9 -25 -23  11   1   -7.8
  ZN  1957     7  -1 -16  14  32  12  -9 -34 -24  26  31  36    6.2
  ZN  1958    14   2  14  34  23  15 -22   9 -29 -34  -6  -3    1.4
  ZN  1959   -18  -2 -18   3   4   0  -3 -15  -2 -36  11 -28   -8.7
  ZN  1960    17 -14 -17 -27 -14 -15  10 -14 -25 -15 -24 -29  -13.9
  ZN  1961   -25  13   9  -6 -23  -2  10 -33 -20  -6  11 -25   -8.1
  ZN  1962    -3   0  -3 -15 -16  15   0  -2 -10  -1   9 -29   -4.6
  ZN  1963    -3  16  12  -6   9 -16 -34   4  -2  -9  14  -3   -1.5
  ZN  1964    41 -11  30  -5   1 -21  25  32  16  -9  22  -4    9.8
  ZN  1965   -18  35  -5  11   3   5   6 -31   4   1  20   3    2.8
  ZN  1966     2  -4 -17  14 -39   8 -13 -26 -32  -7  -5  -2  -10.1
  ZN  1967     4  12 -25  15  14 -15 -16  -5 -16  -2  23 -15   -2.2
  ZN  1968    13  21 -10  -1   0  -5 -22  -6  16  33  31 -35    2.9
  ZN  1969     8 -29  31  22 -12   4   6   3  -6  11 -37  -5   -0.3
  ZN  1970    -1 -17 -11  25 -23  -6  27 -11  21   9 -13  -2   -0.2
  ZN  1971   -28 -11 -13 -29 -15   7 -28 -13  10  22 -13 -22  -11.1
  ZN  1972     0 -11  10  19  15   0   9  -2  29  15  -6   2    6.7
  ZN  1973     5  -4   0  12  34 -10 -35 -16  -5   5  16 -24   -1.8
  ZN  1974   -14  -8 -25 -24  -5 -27  31 -22 -23 -11 -16 -18  -13.5
  ZN  1975   -19   5   2  17  13 -15  30  11  -5 -24  -5  10    1.7
  ZN  1976     5  -4 -12 -23  25  12  25 -13 -40 -18 -23   2   -5.3
  ZN  1977    19  -7  -8  13   7  -5 -10 -30  -9   2  14   6   -0.7
  ZN  1978     0  -4   7 -13 -27 -42  10   7 -21  -7   8   2   -6.7
  ZN  1979    17  19 -23  11  -1 -25  -1 -14  10 -11  -1   1   -1.5
  ZN  1980    20  -3  -1  -1   2 -19  12  24  46  -5  27 -28    6.2
  ZN  1981    -9   3 -10   9 -30  -7  19 -18  38  -6 -20   8   -1.9
  ZN  1982    24  -3 -11 -26  25 -33  -1  19  -7   4  42  24    4.8
  ZN  1983    40  11  28   0  31  -3  -8  -2  25 -20  -8   5    8.3
  ZN  1984     1 -10  -4  11   0   8   2  -3 -26  14   7 -11   -0.9
  ZN  1985    17  -3 -25 -17 -30 -16   0  -3 -10 -25  -8 -10  -10.8
  ZN  1986     8  10  -5  29   9  14   9 -33 -13  -1   1 -15    1.1
  ZN  1987    10  14 -11  12  10  14 -13   1  25  -1 -24   6    3.6
  ZN  1988     5   3  -8 -13  14  13  18   9  11  48   0 -11    7.4
  ZN  1989   -32  -4  19   3 -16  -3 -11 -39 -58   8 -21  10  -12.0
  ZN  1990     9  11   1  20  42  -8   2  -2  -4  -4  -9  22    6.7
  ZN  1991    14  13 -18  14   3   1   8  31   6   6   7   3    7.3
  ZN  1992    -1  11  33 -10 -13  -5  15  33 -18 -37 -20 -23   -2.9
  ZN  1993    22 -22   3  -6   6  26  -3 -13 -10  14 -13  -2    0.2
  ZN  1994     6 -14   0  14  29  -1  17  22  17 -15  34  -6    8.6
  ZN  1995   -15  -9  17 -20 -16   3  33   9  17   0   3   1    1.9
  ZN  1996   -34  -6   2  12   4  10 -15   8   2   6  31   0    1.7
  ZN  1997   -11   5 -13  18  -9 -14  -2   3 -38  10  42  19    0.8
  ZN  1998    21  22  20   9   4  -5   1  -7  18  37 -37  -2    6.8
  ZN  1999   -29  -6  -1 -10   6  -5  15   4  -3  -6 -17 -12   -5.3
  ZN  2000    -7   8 -18   7   2   9 -25  -5  10  18 -21   9   -1.1
  ZN  2001     5 -10  -5 -10  -2   2 -23   2 -19 -14 -14  -7   -7.9
  ZN  2002    -9 -15  20 -12  21  26 -14   4  28   8   7   4    5.7
  ZN  2003    -8  -5 -25 -25   3  17   0 -41  10 -13  14   6   -5.6
  ZN  2004    -5  34  11  -3 -14  20  -8   7  17  -3   5  22    6.9
  ZN  2005     2   3   1  -3 -12 -12   8  -7  -3 -25 -16  -3   -5.6
  ZN  2006     6   1 -14  11 -16 -16   0   7   8   2  37  -5    1.8
  ZN  2007    -4 -20  14   2  15  -1 -22   9 -23  31 -14 -33   -3.8
  ZN  2008   -19  -3 -11 -11 -36  -2  10  12  -3  12  -1 -10   -5.2
  ZN  2009     4   1   0 -10  -8 -27   5  13 -13 -18  19   2   -2.7
  ZN  2010   -13  -6  12  10 -25  -9 -22  -4  37 -22 -20  -1   -5.3
  ZN  2011   -16   2  -9 -14  12 -15  19  -4   8 -20  13 -41   -5.4
  ZN  2012     5 -10 -20 -18  -6  14 -30 -17   4  26  -7  -8   -5.6
  ZN  2013    11 -10 -11   7 -10 -24  16 -17  -1  25 -26  -6   -3.8
  ZN  2014    13 -11  -8 -14  13 -12 -11 -12 -19  14  32 -18   -2.8
  ZN  2015   -15  -3  -8  10  13  22   6   3 -26  15  -4  -9    0.3
  ZN  2016    -9   1 -12  -5  35   0  24 -20 -29  -2  19   1    0.3
  ZN  2017    36   2 -13 -12 -10 -19   0   1  11  -3 -33 -19   -4.9
  ZN  2018   -15   2 -17  20   6 -27  30   0 -21 -13 -15 -21   -5.9
  ZN  2019     9  -4 -11  -9  16  -6  17  28   0  -3   9   0    3.8
  ZN  2020   999 999 999 999 999 999 999 999 999 999 999 999  999.0
  ZS  1948   999 999 999 999 999 -13   5   0   9  20  -7   8  999.0
  ZS  1949   -21  42 108  -3  -3 -16  21   3  -3  30 -15  21   13.7
  ZS  1950     4   5   6 -17  14  -4   1  -9  -7 -17  -3   5   -1.8
  ZS  1951   -42  -4 -12 -13  -9 -22  35  -6  -1  -3  23 -12   -5.5
  ZS  1952    19  18   2  15   8   4  -1 -18  -1   5 -34 -18   -0.1
  ZS  1953   -43  -9   2   8  -6 -18  -3   6  12 -16  30   4   -2.8
  ZS  1954   -17  28   2  -8  -3  16 -13   0 -17  21  13 -28   -0.5
  ZS  1955     4  14  -2  -4  22 -27 -20  13  -2  -3  16  -9    0.2
  ZS  1956     5  -2 -10  12 -22  10 -15  -2  -9 -13  10   1   -2.9
  ZS  1957    -1   1 -14   5  -5  -6 -14  -8 -28  17  22  24   -0.6
  ZS  1958     2  14  20   1  34   2  -6  11   4   6   7  -6    7.4
  ZS  1959   -17   7  -3 -13 -52  20   2  -2   6 -27  22 -18   -6.3
  ZS  1960     1  13 -11  -1  11 -25  13  -3 -15  -1  -7 -32   -4.8
  ZS  1961   -33   3  -5   6  -8   6   3 -26 -26  17   9  -7   -5.1
  ZS  1962     1  -5 -15 -17  11   6  15  11  -6  10   5 -14    0.2
  ZS  1963   -10  14   3 -21  20 -19 -29  -3 -14  -7  11  -7   -5.2
  ZS  1964    36  -7  29   5  12  -7  19  18  10   7   7   5   11.2
  ZS  1965    -5   3  -3  -6   5  -3  -8 -24   8   0  18   3   -1.0
  ZS  1966    -1  16  -4  20 -33   7 -14 -22  -5  -3  11  -3   -2.6
  ZS  1967    -1  10  17  17   1 -13   9   6 -24   9   6  -5    2.7
  ZS  1968    -6  22  -3 -41  15 -10  -9  19   0  34  24 -32    1.1
  ZS  1969    -8  -7   9  -6 -22  -4  16   7  27  -4  -9   4    0.3
  ZS  1970   -12   1 -17   2 -23  -3  24  20  18   3  -2  -3    0.7
  ZS  1971   -21  -7  -9  -8  -3 -12  -6  -5   9   8 -10  -3   -5.6
  ZS  1972    -9 -22  17   4 -12 -19   2 -14  18   3   3 -11   -3.3
  ZS  1973    -6  -1   8  -1  14   1 -14 -16 -14   7  12 -17   -2.3
  ZS  1974   -22   5 -18 -28  -7 -17  -5 -36 -31 -21  -3   0  -15.3
  ZS  1975   -26   1   8  18  19 -23  12   6  -3  -5  -3  -6   -0.2
  ZS  1976   -10 -18   8 -17   3 -12   2 -21 -44 -22 -22  -4  -13.1
  ZS  1977    -7   3   5  -2 -25 -12 -23 -14 -49   6  11   1   -8.8
  ZS  1978     0   1  18 -11  -9 -48  -5  13 -19  -6  25 -14   -4.6
  ZS  1979    14  13 -27  16 -10   5   4 -27   6  -6  13  23    2.0
  ZS  1980    -1   8  -1 -22   7 -10 -12  22  43  16  -1 -11    3.2
  ZS  1981     2  10   4  15  -2 -15   2 -37   6   9  -2  11    0.3
  ZS  1982    14  13   7 -17  21 -25   2  21  -2 -16  33   2    4.4
  ZS  1983    20 -10  19   0  -6   2 -15  -2   4 -12   5 -14   -0.8
  ZS  1984     7 -10  -8   3 -13  11  -2  14 -19   7   9   4    0.3
  ZS  1985    20   3 -19   5 -23   2   0   4   6 -27 -18  -6   -4.4
  ZS  1986    -1 -12 -14  21  -4  28   3 -39 -21 -16 -13  -1   -5.8
  ZS  1987    11   5 -18   3  17   2 -12  14   2  14  -3  12    3.9
  ZS  1988    13   2   5 -10   6   4  25  19   6  58   4  13   12.1
  ZS  1989   -14  -9   4  -7 -18   1   1 -10 -20 -11   1   7   -6.3
  ZS  1990     8  -5  -4  24  28   5   8 -11 -23  -9  -7  18    2.7
  ZS  1991    17   9 -12  -6  -5 -23   1  32   2   3 -20 -23   -2.1
  ZS  1992    -4   7  12 -20 -29   0  11 -22 -39 -28 -15 -20  -12.3
  ZS  1993     7   2  -7 -20  -5  36  18  -6 -23  27 -15 -20   -0.5
  ZS  1994    21  -4 -25  18   5  -7  -1  35 -18 -10  43  -3    4.5
  ZS  1995    -2 -17  19  -6  12 -32  12  -1   0 -11  -9  25   -0.8
  ZS  1996   -13   2 -13  15   8 -13 -34  -3  22  18   2   0   -0.8
  ZS  1997   -30  -3 -15   8   9 -14   9   3 -32   9  23  18   -1.3
  ZS  1998     3  26  32  17  -3   6  26   1   9  29 -17   2   10.9
  ZS  1999   -23  -3  15 -11  22  -7 -17  -3  -6   9  -7 -12   -3.6
  ZS  2000   -26  10 -13   1  30  18  14 -11   7  20 -28  17    3.3
  ZS  2001   -10   5   6  13  -6  13 -20   7   4 -10  -3   2    0.1
  ZS  2002   -16   0  22 -16  13  13  -8   4  41   0  -7   7    4.4
  ZS  2003    -3  12   0 -30   9  28   3 -10  11  -5   2   6    1.9
  ZS  2004     4   3   3  -9  15  30   2 -20   9 -17  11 -24    0.6
  ZS  2005    -3   1 -14 -10   6  -6  13  18  -6 -19 -10  -5   -2.9
  ZS  2006     9  -5 -10   9 -17 -18  -1 -13  13   7  15 -25   -3.0
  ZS  2007    -9 -17  16 -25  27  -7 -20   4  -3  11 -11  -5   -3.3
  ZS  2008    -1   0  -1 -13 -23  10 -11 -29  19   7  27  -2   -1.4
  ZS  2009     6 -18   5  20 -29 -21  12  37   9 -29   7  10    0.8
  ZS  2010    -9  -1  11  22 -34 -20 -13 -10  29  -4  -7  10   -2.2
  ZS  2011   -10   2   3 -19  12 -12  20 -26  -5 -16   7 -15   -4.9
  ZS  2012    -3  -7 -12  -4  -1  -7   4 -16  19  -1 -13  16   -2.1
  ZS  2013     9 -13  -7 -12 -18 -26  19  11 -10  38 -24  -7   -3.3
  ZS  2014     2   0 -18 -27  26  16   0  -3 -16   1  13   0   -0.5
  ZS  2015    -9  -2  -3   2  24  16  13   2 -31  12  11  -9    2.2
  ZS  2016   -22  20   7   9  27   5  26  -6 -18  -4  14  10    5.7
  ZS  2017    13   6 -25 -20  -6  -9 -20   5   4 -17 -12  -4   -7.1
  ZS  2018   -12  -1   6  -9  11 -28  37  -2 -20 -22 -14 -33   -7.3
  ZS  2019     3  12  14 -21  26 -17   7   6 -17 -11  32  17    4.3
  ZS  2020   999 999 999 999 999 999 999 999 999 999 999 999  999.0
 SET  1937   999 999 999 999 999 999 999 -65 -86 -67 -32 -44  999.0
 SET  1938   -42 -31 -33 -49 -20 -77 -87 -34 -46 -39 -15 -56  -44.1
 SET  1939   -61 -31 -26 -22 -19 -44-101 -77 -49 -37 -11 -48  -43.8
 SET  1940   -19  15  10 -24 -37  42   3  19  18  -4 -20  59    5.2
 SET  1941    12  65  -8  -1   0 -51  12 -13  21 -30  19 -25    0.1
 SET  1942    11  -2  52  12  -6  16  26  14   8  37 -23 -14   10.9
 SET  1943   -18 -27 -10 -20 -46 -32 -20 -49 -27 -17  -3  17  -21.0
 SET  1944   -26  -8 -19 -16 -37 -18  47  13  14  18   7 -30   -4.6
 SET  1945   -11 -16 -23   8 -46   1  15  49   1 -35  37 -26   -3.8
 SET  1946     7  -6   5  -8 -13 -35 -28 -26  -9  -7 -40  10  -12.5
 SET  1947     2  -7   6 -30 -14 -20  -4  -1   5  -4   0  -8   -6.3
 SET  1948    -9  -6  18 -10 -24   0  18  -4 -23  -5  -8  30   -1.9
 SET  1949   -50  11  19 -40  35   1  43   2  -9  22 -24 -14   -0.3
 SET  1950   -17 -19  -7 -19  23 -16  18  -4   3 -26 -26  -5   -7.9
 SET  1951   -36 -36 -26 -58 -33 -20  24 -70  14  -8  18 -18  -20.8
 SET  1952     2  12 -19  -7  -5 -25  20 -44 -34  33 -29 -35  -10.9
 SET  1953   -30  -2  -3  -9   5 -35   1  16  21  -4  21 -30   -4.1
 SET  1954    17  37 -28 -29  -4  10  20   6   8 -19  21 -22    1.4
 SET  1955   -15  34 -25  14  21 -44 -34 -22  24 -37 -16  -4   -8.7
 SET  1956    36  -9  14  -6 -67 -21 -38 -51  -8 -40 -37 -18  -20.4
 SET  1957   -48  15 -22   8 -27 -24  -4  -5 -14 -20  24  12   -8.8
 SET  1958    25  42  20  -1  17   7 -70  21  10 -23  25  30    8.6
 SET  1959     9  29 -26 -29 -61  31  12  -1  38 -24  31 -28   -1.6
 SET  1960     3 -11 -32 -36  11 -17  14  -7   3  13 -21 -51  -10.9
 SET  1961   -19  -2  21  -4 -35  -8 -21 -14  -3  37  39   3   -0.5
 SET  1962    11 -19 -31  -8 -11 -17  18   1 -20  -6 -30  17   -7.9
 SET  1963    -8  18  17 -31  -8 -10 -43  28 -17  26  10 -25   -3.6
 SET  1964    15  12  26  -3  13 -14 -14 -23  24 -47  -7   2   -1.3
 SET  1965    -9  -1 -25 -12  12   3 -22 -21  17   7  10  15   -2.2
 SET  1966    42  29 -17 -11 -66  24  -8  17   5  -3   0  19    2.6
 SET  1967   -22   1   9  -9  21  24  32  34 -37  27  10  -4    7.2
 SET  1968   -10  14  10 -65 -31 -42 -18 -33 -23 -10 -27 -40  -22.9
 SET  1969     8 -14  20 -26  16 -36  52  52 -15  21  40  -3    9.6
 SET  1970     1  -5   8 -10 -44  10  20  33  22  19   9   0    5.3
 SET  1971     1  14 -37 -48 -35  -4 -15  -4  -5 -22 -50   6  -16.6
 SET  1972   -26 -10  35 -33   1 -32 -15 -20  33  14  34 -38   -4.8
 SET  1973    38 -10   4 -16   2 -13  11  -5 -15  36   5 -39   -0.2
 SET  1974   -25  -7 -14 -28  -7 -30 -40 -75 -36 -22  -6 -36  -27.2
 SET  1975   -38  -2  14   8  -9 -40   3 -23   3 -29 -15 -20  -12.3
 SET  1976   -23 -24 -10 -45   0   2  -4 -33 -61 -57 -38 -25  -26.5
 SET  1977   -20  -8  11 -26 -29  -5  16  -4 -64  -7  19  -4  -10.1
 SET  1978    35   6  19 -36 -19 -55 -38   5   1  -7  34 -28   -6.9
 SET  1979    13 -12  -7  -6 -15  27  -3 -54 -10   1  32 -10   -3.7
 SET  1980     8 -11  -6   2  42 -10 -44  38  -5  -1 -15 -19   -1.8
 SET  1981    17  12  13 -21 -10 -31 -11 -61 -14  14  -1  13   -6.7
 SET  1982   -14  -8   5 -21   5 -23 -18  48   9 -36  52   1    0.0
 SET  1983    23  15  31  17   5 -22 -13  12  -1  14  -5 -11    5.4
 SET  1984   -24 -25   2 -34  13  43  18  -1 -27   3  41 -18   -0.8
 SET  1985   -12  -1 -22  24  -2  -9   5  14   2   3  14 -11    0.4
 SET  1986    24 -16   0  22  14 -23 -46 -27 -19 -11 -15  17   -6.7
 SET  1987   -10  18  -6   7  57  10  -5  42 -31  11 -40  19    6.0
 SET  1988     6 -24 -16   5  18  22  25  26  24 -16   2  -1    5.9
 SET  1989   -18 -47   6  14 -25   9 -17 -35 -22 -23 -12  21  -12.4
 SET  1990     5  54   8   9  -7 -30 -11 -38  -7   1  22  -4    0.2
 SET  1991     4  -2 -33 -18 -14 -46  -9  -9 -30 -22 -24  12  -15.9
 SET  1992    13  19  44  22 -28  -8  16 -31 -56 -25  -1   1   -2.8
 SET  1993    17 -31  -5   1  16   8  55  -9 -11   8 -14  -8    2.3
 SET  1994     2  -4  -2  18 -12 -28  26  34 -42 -37  33   5   -0.6
 SET  1995    49 -15  -6   7  17 -16 -35  31  50  15   8 -15    7.5
 SET  1996   -27   2 -26  24  -9   6 -13 -20 -16  36 -18   3   -4.8
 SET  1997   -11 -19 -17 -11  34  33   1   3  -1   2  18  32    5.3
 SET  1998    39  79  44  10 -11  10  27  27  38   3 -45 -12   17.4
 SET  1999   -32  15  38 -32  60 -24  12  37  49  35  -2 -13   11.9
 SET  2000   -26   4 -10   3  32  21  -8  14  -8  28 -27  -1    1.8
 SET  2001   -27 -15   1   9 -28  11 -16 -14  25 -11  -1  -5   -5.9
 SET  2002   -27 -27 -31  15 -14  -1 -25   3  26   2  -1   8   -6.0
 SET  2003    -8  32   4 -28  30  25  20 -49 -29  -9  12  33    2.8
 SET  2004    18  -6 -17   8 -24  35  18 -37   9  16   0 -20    0.0
 SET  2005    -6  28  -1   4  -8 -17  31   0   7 -22 -15 -10   -0.8
 SET  2006    10 -23  -7 -14 -11  10   1  24  40  13  43  -5    6.8
 SET  2007    46  -2  30 -21  21  -4 -12  21   9   9 -12  10    7.9
 SET  2008   -11 -39 -11 -18 -56  17  18 -15   5   7 -16 -38  -13.1
 SET  2009   -24 -15  -5   0 -40   6 -16  17  -3 -16   5  13   -6.5
 SET  2010     6  50  12 -13 -12  -2 -12  -1  13   9  10   1    5.1
 SET  2011   -13 -29 -24 -32  20 -12 -23 -17 -41  -8  -1 -16  -16.3
 SET  2012   -13 -21   3 -25   5  -6  12 -14  12 -20  -9  17   -4.9
 SET  2013    -9 -11 -29  -1 -16 -10  57 -14   4   7 -12  -6   -3.3
 SET  2014   -19 -14  38  -4   3  37 -17  47 -10   2  13  43    9.9
 SET  2015     5  12  -4  24  28  35  36  36  -4  32  30  16   20.5
 SET  2016    17  28  47  40  11  25   2   0  -8 -11   1   2   12.8
 SET  2017   -10  -3  17   1  37  13   4  13 -21  18  23 -17    6.3
 SET  2018    15   7   3  -5   7   1  40  -9   8  25 -13  -2    6.4
 SET  2019    17  -6  43  15  52  15  13  -1   2   0  -1  -7   11.8
 SET  2020   999 999 999 999 999 999 999 999 999 999 999 999  999.0
 TPI  1922   999 999 999 999 999 999  37  42 105-119 -78-140  999.0
 TPI  1923  -102 -24 -11 149-172 -98 -67 -60 -74-122 -73 -20  -56.2
 TPI  1924   -89 -28  20 -41  70  88  55 -11-107-183 -38  48  -18.0
 TPI  1925    38 -41   2  82  45  34 -65 109  35 -89  51 -50   12.6
 TPI  1926   -17-118  65-136 -65   1 -95 -85  75-126  -8 -15  -43.7
 TPI  1927    24  13 -58  65  -4  14 -17  53 116  20  28   9   21.9
 TPI  1928    73  25  15  16  -3  -1 -23 -13 -99-153  37  30   -8.0
 TPI  1929   -67  74  18 -37 -32 -15  21  27 105  21 -27  -3    7.1
 TPI  1930    25 -27 109 -39  -8 134  -3 -61 -25  19 -81  16    4.9
 TPI  1931   -64  24   7 -42 -94 -49 -39 -68 -80 -31 -14  12  -36.5
 TPI  1932   -17 -20 -27 -16  60  28  16 -68 112 -26  28   0    5.8
 TPI  1933   -25 -39 -48 -11 -80  38  -8  41   0 -15  82  18   -3.9
 TPI  1934    19  -9  53 -45  90  30  80  27 -79 -55 -81  36    5.5
 TPI  1935   -23  -9   5 -92  21  -5 -45 -61  -5 -27 -69  69  -20.1
 TPI  1936    30  40  95 -43  33  75  43-126  32-177  15  61    6.5
 TPI  1937  -102  96  63  -2 -70 134   7  28   3 -17  14 -24   10.8
 TPI  1938    28 -27  13 -55  35  10  93  87  18  47   7 -34   18.5
 TPI  1939    29  15  51 -27  48 -88  29-136 -15 -23 -21 -60  -16.5
 TPI  1940   -22-138-108  62  75 -23  26  38   7 -58 -65  36  -14.2
 TPI  1941     5  23-157 126  -6  21-102  87  39  23 -25 -11    1.9
 TPI  1942   -17  24  27   2-106 -30 -84-111 -95  26 -30  -3  -33.1
 TPI  1943   -39  -6  -5-193  98-114-123 -45  -9  23  14 -13  -34.3
 TPI  1944   -88 -28 -34-131  -2  74 -43 111 103  -3-126-123  -24.2
 TPI  1945   -53 -53 -14  33   0  18 110 -52 -43  43 -60 -10   -6.8
 TPI  1946   -56  38-128  -7 -72 -54-225 -51 -17  91   6 -21  -41.3
 TPI  1947    45  56 -78  25  27-107 -97 -32  27 -47 -50  17  -17.8
 TPI  1948     9  29 -62   6 -63  68  -8 -92 -71-101 -24   7  -25.2
 TPI  1949     5 -43  80  20 -19  76 -21  78  65-142   6 -44    5.1
 TPI  1950   -16  24  23  92 -17  81 133  55 -46 -30 -22  27   25.3
 TPI  1951    65  14 -36-208 -29  72 -24 -45  51   0 -60 -91  -24.3
 TPI  1952   -25  24  24 -68 -39-239  46  -5 -49 -50 -80 -41  -41.8
 TPI  1953    55 -26  34 -88   1 -38 -54  -5  31  20 -70-111  -20.9
 TPI  1954    95  44 -96 -78   1-108  46  45  91 -20 -30  19    0.8
 TPI  1955   -35  44   4  52 -79  42 -34 -95 -39-130 -90 -41  -33.4
 TPI  1956   -35  34  34-168 -79-118 -34-135  81 -90-110-131  -62.6
 TPI  1957    15 -76 -26-178 -49   2  56  55   1   0-170 -41  -34.3
 TPI  1958     5  24-116   2-129  22 -64  15   1 -90 -10  -1  -28.4
 TPI  1959    25  44  -6  -8  81 -18 -24  45  71 -10  10 -61   12.4
 TPI  1960   -35 -46 -66 -28 -89  32  -4  45 -39  20   0  59  -12.6
 TPI  1961    85  14  64  32  81   2 -64  35 111   0  30  29   34.9
 TPI  1962    15 -46  14 -28-119 -98 -54 -25   1-150 -80  69  -41.8
 TPI  1963    45 -46  24  32   1  -8 -54 -35 -59  40 -30  -1   -7.6
 TPI  1964   -75  34   4  -8 -19 -28-164  25 -49-120 -90 -71  -46.8
 TPI  1965    15  24-156  22 -19  42 -14 105  71  70 -40  59   14.9
 TPI  1966    15  24  -6-118  21  52 -44  35  51  40 -30  19    4.9
 TPI  1967   -35  34  14  -8  51  62  36  35  61 -30 -10 -11   16.6
 TPI  1968     5  24 -16-108 -79 -38   6 -95 -49 -80-110   9  -44.3
 TPI  1969     5  54 -16  -8  21  12  -4  65  21 120   0 -81   15.8
 TPI  1970   -25  34 -16 -88 121 -48  -4 -65  21 -50 -20  39   -8.4
 TPI  1971    49  40  40  -5 -84 -41 -22  59  -3-157 -11  18   -9.8
 TPI  1972    53  57   0 -20  83  43  -3 -40  66  26  -5 -88   14.3
 TPI  1973    19  45 -47 -37 -45  -1 -19  52   0   9 -27  -1   -4.3
 TPI  1974    62 -33  37  11 -22   9 -83  66   6  -6 -11-102   -5.5
 TPI  1975   -57  95 -89   1 -75   7  -9  33  55  14   3  86    5.3
 TPI  1976    36   1   0 -29  -5  54 106  36  37 -40-105-123   -2.7
 TPI  1977   -51  -6 -25  -7   4  27  -3  20  86 -30 -26 -35   -3.8
 TPI  1978    22 -83  -4 -55 -91  46 -88  25 -34  44 -15 -22  -21.3
 TPI  1979   -55  12 -58 -87   8  28  -2   8   9  11 -41 -73  -20.0
 TPI  1980   -24 -12 -13 -28 -14  28 -35  -1 -58 -49  -2  -7  -17.9
 TPI  1981    14  33 -30-142  40-126 -71 -17  21   7  -4 -17  -24.3
 TPI  1982   -47   4  16 -75 -52  11  50  78  -1  42 -28  -3   -0.4
 TPI  1983   -46  46   0 -35 -29  20 109 -16 -18  16  -8   2    3.4
 TPI  1984    21  17 -79  10 105 -38 -58-105 -94  72 -20 -95  -22.0
 TPI  1985   -75  38  74  27  92-148 -26  40  82 -34 -14 -46    0.8
 TPI  1986    17   3  -3 -26  62  24   4  37   5-135  45   5    3.2
 TPI  1987   -64 -43 -19  35 -20  71  82 -38  25 -17 -66   8   -3.8
 TPI  1988    28 -60  28  31 -43  -4 -40  22 -34-129  18  43  -11.7
 TPI  1989    32   7  -9  72 -21  60 -80 -16 -22 -84  41  45    2.1
 TPI  1990    11 -17  14  16 -39  51 -63  10  53  74  38 -22   10.5
 TPI  1991   -49 -25   4  -1 137 -41  -8-125 -31 -20 -45  36  -14.0
 TPI  1992   -36  29  21  33  53 -32 -86 -73  20 106 -96  24   -3.1
 TPI  1993     7 -70  31  19  35 -25   6  53  84 -29 -16  51   12.2
 TPI  1994   -58  32  24 -16 -33  -1  14  39  54  16 -83  42    2.5
 TPI  1995    30 -14 -14 -82  25  90  36  30  76   8 -20 -30   11.3
 TPI  1996     8   7  25 -30  61 -10 -88 -10-101  -7  -9 -26  -15.0
 TPI  1997    74  -4 -69  41 -46  52 100  36 113  17 -13 -12   24.1
 TPI  1998    57 -72 -22-138 -73 -54  95 171  10   4  21  10    0.8
 TPI  1999     1  37 -62 -14 -23   0  30  71  86 -12 -16  33   10.9
 TPI  2000    52  -4  15   6-106 -20 -60  28 -86 -20  60  52   -6.9
 TPI  2001    63  72   5  38 -19  -5  61 -58 -14-128  23 -78   -3.3
 TPI  2002   -32  -4  -3  77  25 -61 -57 -28 -89  26  28   5   -9.4
 TPI  2003    61  49  -5  -8   3 -19  47 -57 -73  24  83  20   10.4
 TPI  2004   -59-111 -14  59-133 -33   8 -64 108  39-100  23  -23.1
 TPI  2005    15 -96  33  42  71 -11 -44 -31 -49 -57  22-116  -18.4
 TPI  2006    10 -54  56 -66 -43  57  58  46  49  52  26  94   23.8
 TPI  2007   -14  89 -11  78 -93 107  33  -2 -38   6  70  15   20.0
 TPI  2008   -21 -20 -29  71 -18   9 -24  56 -83  28 -11 -80  -10.2
 TPI  2009   -41  57   4   6  99  27 -31 -42 -40 122  72  -3   19.2
 TPI  2010    46  91  11 -23  -3  55  18 -37 -13   3 -12  42   14.8
 TPI  2011    -9 -43   3  66  17   1   2  18  14 -24 -33 -19   -0.6
 TPI  2012   -18  19 -29 -11   8  92  91 -55   0  33  21  38   15.8
 TPI  2013   -53  27 -73 -44  66 144  34 -43 -76 -61  54  20   -0.4
 TPI  2014    49 -12  49 -59 -22  11 -45 127  76  18  21  17   19.2
 TPI  2015   -28  36 -45   7 -13 135  72  54 146   3 -24  26   30.8
 TPI  2016     3   1 -12 -24-256-113-132  31 -86-104 -26   5  -59.4
 TPI  2017     9 -38 -54   0  20 100  -9  13 -25  74  61   6   13.1
 TPI  2018     5 -13  31 -14 -36  46-136 -55  56  37 -32 -12  -10.3
 TPI  2019    21   5 -71  25 -11  49 -47 -21  68   8 -56 -20   -4.2
 TPI  2020   999 999 999 999 999 999 999 999 999 999 999 999  999.0
