            TSW       T      SW      NE       R      HW      HE       W     HNW     TNW     HSE       H
1948  1   11.29    4.84    9.68   19.35    4.84    4.84    4.84   12.90    3.23    4.84   17.74    1.61
1948  2   13.79    5.17   10.34   10.34    0.00    8.62   10.34    1.72    0.00    3.45   18.97   17.24
1948  3    3.23    1.61   12.90    4.84    3.23    8.06   20.97    4.84   11.29    3.23   16.13    9.68
1948  4    1.67   11.67   13.33    1.67    1.67    6.67    6.67    0.00    1.67   13.33   16.67   25.00
1948  5    0.00   19.35   20.97    3.23    0.00    4.84    6.45    4.84   17.74   16.13    1.61    4.84
1948  6    3.33   26.67   15.00    1.67    0.00    5.00    5.00    0.00    0.00    6.67   13.33   23.33
1948  7   11.29    1.61    0.00    9.68    0.00    9.68    6.45    9.68    1.61   19.35   16.13   14.52
1948  8    1.61    9.68   11.29    9.68    3.23    1.61    3.23    9.68    3.23   19.35    4.84   22.58
1948  9   15.00    5.00    3.33    0.00    5.00    3.33    6.67    3.33    3.33   10.00   25.00   20.00
1948 10   17.74   45.16    8.06    3.23    3.23    4.84    1.61    3.23    0.00    9.68    3.23    0.00
1948 11   25.00   13.33   10.00    6.67    6.67    5.00   11.67    0.00    0.00   11.67    1.67    8.33
1948 12    3.23   14.52   16.13    0.00    3.23    4.84    3.23    8.06    9.68   12.90    6.45   17.74
1949  1   37.10   14.52   20.97    8.06    0.00    1.61    0.00    3.23    1.61   12.90    0.00    0.00
1949  2    5.36   25.00   14.29    7.14    0.00    0.00   14.29    0.00    3.57   14.29    1.79   14.29
1949  3    0.00    4.84   19.35    0.00    0.00    3.23    8.06    1.61    1.61    1.61   48.39   11.29
1949  4   11.67   10.00   18.33    1.67    0.00    6.67    6.67    5.00    6.67    6.67   10.00   16.67
1949  5    1.61    4.84    4.84    3.23    0.00    1.61   20.97    0.00    4.84    4.84   37.10   16.13
1949  6    6.67   28.33   16.67    3.33    1.67    0.00    3.33   10.00   20.00    5.00    1.67    3.33
1949  7    8.06   17.74   17.74    6.45    0.00    0.00    8.06   11.29    6.45    3.23    3.23   17.74
1949  8    6.45    9.68   14.52    3.23   12.90    3.23    9.68    6.45    8.06    6.45   12.90    6.45
1949  9    3.33   10.00   20.00   10.00    3.33    3.33    3.33    3.33    5.00    3.33    1.67   33.33
1949 10    0.00   19.35    1.61    0.00    0.00    0.00   16.13   17.74    4.84    9.68    6.45   24.19
1949 11   13.33   21.67   11.67    1.67    0.00    8.33   11.67    0.00    3.33    6.67   16.67    5.00
1949 12    9.68   43.55   12.90    3.23    1.61    1.61    8.06    0.00    0.00   17.74    1.61    0.00
1950  1    6.45   37.10    3.23    3.23    9.68    1.61    3.23    0.00    4.84   11.29   11.29    8.06
1950  2   10.71    8.93   14.29    5.36    3.57   14.29   12.50    0.00    7.14    1.79   14.29    7.14
1950  3    3.23    6.45   20.97    0.00    0.00   17.74    4.84    1.61   14.52    0.00   16.13   14.52
1950  4    3.33    1.67   16.67    3.33    5.00   10.00    8.33    0.00    6.67    1.67   20.00   23.33
1950  5    1.61    3.23    0.00   27.42    0.00   11.29   17.74    3.23    1.61    3.23    8.06   22.58
1950  6   18.33   11.67   26.67    5.00    0.00   16.67    0.00    0.00   15.00    0.00    1.67    5.00
1950  7    1.61    3.23   11.29    0.00    0.00   16.13   12.90    0.00   12.90    0.00    0.00   41.94
1950  8    6.45   11.29   11.29    1.61    3.23    1.61    6.45    3.23    4.84    4.84   25.81   19.35
1950  9    0.00    5.00    5.00    0.00    3.33    0.00   16.67   11.67    6.67    1.67   33.33   16.67
1950 10    6.45    4.84    0.00   19.35   12.90    4.84   12.90    4.84    1.61    3.23    8.06   20.97
1950 11   21.67   10.00   18.33   15.00   11.67    0.00    1.67    1.67    3.33    5.00   10.00    1.67
1950 12   16.13    9.68   19.35    6.45    3.23   14.52    3.23    0.00    3.23    4.84   19.35    0.00
1951  1    8.06    0.00    1.61   17.74    4.84   22.58    1.61    0.00    1.61    0.00   37.10    4.84
1951  2    3.57    5.36    3.57   28.57    3.57    1.79    1.79    0.00    5.36   21.43   23.21    1.79
1951  3   16.13    4.84    0.00    4.84   19.35    8.06    6.45    0.00    0.00    6.45   27.42    6.45
1951  4   26.67   33.33    1.67   10.00    6.67    0.00    1.67    0.00    0.00   20.00    0.00    0.00
1951  5    8.06    9.68    6.45    4.84   12.90   11.29    0.00    0.00    4.84   11.29   30.65    0.00
1951  6   33.33   10.00   18.33    1.67    1.67    0.00    5.00    1.67   11.67    1.67    5.00   10.00
1951  7   14.52   14.52   12.90    0.00    0.00    3.23   12.90   14.52    3.23    6.45    4.84   12.90
1951  8   16.13   22.58    8.06    9.68    1.61    0.00    4.84    6.45    6.45   19.35    0.00    4.84
1951  9    0.00    1.67    5.00   10.00    0.00    0.00   15.00   11.67    8.33    1.67    3.33   43.33
1951 10    0.00   14.52   16.13    3.23    0.00    3.23    6.45   12.90   14.52   20.97    0.00    8.06
1951 11    1.67   45.00   11.67    3.33    0.00    0.00    3.33   21.67    1.67   11.67    0.00    0.00
1951 12   11.29   38.71   29.03    0.00    0.00    0.00    0.00    3.23    4.84   12.90    0.00    0.00
1952  1    3.23   38.71   30.65    0.00    0.00    0.00    8.06   17.74    1.61    0.00    0.00    0.00
1952  2    1.72   10.34    3.45    5.17   13.79    5.17   12.07    3.45    1.72    6.90   36.21    0.00
1952  3    4.84    6.45   25.81    6.45    6.45   11.29    4.84    3.23    4.84    4.84    9.68   11.29
1952  4    0.00    1.67    8.33    3.33    0.00    3.33   20.00    5.00   11.67   10.00   21.67   15.00
1952  5    1.61   41.94    6.45    0.00    0.00    4.84    0.00    4.84   25.81    6.45    4.84    3.23
1952  6   10.00   60.00   15.00    1.67    0.00    6.67    0.00    0.00    1.67    0.00    0.00    5.00
1952  7    8.06   11.29    6.45    0.00    0.00   11.29    3.23    4.84    4.84    1.61   22.58   25.81
1952  8    4.84    0.00    0.00   12.90   22.58    1.61   16.13    0.00    3.23    8.06   24.19    6.45
1952  9    0.00    5.00    6.67    8.33   11.67    0.00   13.33   15.00    5.00   13.33    3.33   18.33
1952 10    0.00    9.68    3.23    4.84    0.00    3.23    6.45   24.19    4.84    4.84    4.84   33.87
1952 11   30.00   43.33    3.33    0.00   10.00    0.00    0.00    0.00    0.00   13.33    0.00    0.00
1952 12   17.74   19.35    8.06   12.90    6.45    1.61    1.61    1.61    3.23    8.06   16.13    3.23
1953  1    3.23    4.84    6.45    0.00   37.10   17.74    1.61    0.00    1.61    4.84   16.13    6.45
1953  2    7.14    5.36   17.86   12.50    5.36   16.07    5.36    0.00   10.71    5.36    7.14    7.14
1953  3    4.84    4.84    8.06    1.61    8.06    3.23    9.68    1.61   24.19    1.61    8.06   24.19
1953  4    6.67    8.33   21.67    8.33   10.00    1.67   10.00   10.00    1.67    8.33    0.00   13.33
1953  5    0.00   17.74   14.52    0.00    8.06    3.23    9.68    6.45    6.45    3.23   19.35   11.29
1953  6   16.67   25.00   15.00    3.33    3.33    1.67    3.33    6.67    5.00   10.00    5.00    5.00
1953  7    0.00   25.81    9.68    0.00    3.23    6.45   12.90   14.52    9.68    3.23   14.52    0.00
1953  8    8.06   19.35    3.23    9.68    3.23    0.00   17.74    3.23    3.23    6.45    8.06   17.74
1953  9    0.00   10.00    8.33    0.00    3.33    5.00    3.33   18.33   18.33    6.67    5.00   21.67
1953 10    0.00   17.74    8.06    3.23    0.00    3.23    9.68    4.84    3.23   11.29   11.29   27.42
1953 11    0.00   18.33   20.00    6.67    0.00    0.00    8.33   20.00    5.00   13.33    1.67    6.67
1953 12    0.00   24.19   24.19    6.45    3.23    0.00    9.68    8.06    0.00   16.13    8.06    0.00
1954  1    4.84    1.61   12.90   20.97    0.00   20.97    3.23    0.00    6.45    3.23   11.29   14.52
1954  2    1.79   12.50   12.50    8.93    0.00    1.79   10.71    3.57    3.57    3.57   16.07   25.00
1954  3   12.90   16.13    6.45    4.84    6.45    0.00    8.06    3.23    0.00   29.03   12.90    0.00
1954  4    5.00    8.33    8.33    0.00   20.00    6.67    5.00    8.33    6.67    5.00   16.67   10.00
1954  5    4.84    9.68    4.84    4.84    1.61    1.61   11.29    1.61    8.06   11.29    8.06   32.26
1954  6    3.33   25.00    8.33    3.33    0.00    0.00    0.00   11.67   10.00    3.33    5.00   30.00
1954  7   11.29   16.13   11.29    6.45    6.45    0.00    1.61    6.45   16.13    3.23    4.84   16.13
1954  8    6.45   11.29   14.52    0.00    4.84    9.68   12.90   16.13    4.84    4.84    1.61   12.90
1954  9    0.00    1.67    1.67    0.00    0.00    3.33    8.33    5.00   10.00    0.00   21.67   48.33
1954 10    0.00    9.68    8.06    0.00    1.61    4.84    8.06    9.68    9.68    1.61    4.84   41.94
1954 11    6.67   15.00   11.67    0.00    1.67    0.00   23.33    5.00    1.67    3.33   15.00   16.67
1954 12   14.52    8.06   17.74    8.06    8.06    3.23   19.35    1.61    3.23    3.23    8.06    4.84
1955  1    3.23   14.52   14.52    9.68    6.45    3.23    9.68    4.84    1.61    8.06   14.52    9.68
1955  2    1.79    8.93    8.93    7.14    0.00    1.79   14.29    1.79    3.57    7.14   30.36   14.29
1955  3    3.23    0.00    9.68    8.06   16.13   14.52    6.45    1.61   11.29    3.23   20.97    4.84
1955  4    0.00    6.67    3.33    3.33    1.67   13.33   11.67    0.00    8.33    3.33   23.33   25.00
1955  5    0.00   11.29   19.35    8.06    0.00    3.23   12.90    4.84    4.84   12.90    3.23   19.35
1955  6   20.00   13.33   15.00   13.33    3.33    3.33    0.00    8.33   15.00    3.33    3.33    1.67
1955  7   11.29    0.00    0.00   11.29    8.06    4.84    6.45    4.84    3.23   16.13   19.35   14.52
1955  8   20.97   20.97    4.84    1.61    1.61    0.00   12.90    1.61    4.84   19.35    3.23    8.06
1955  9   10.00    5.00    6.67    3.33    1.67    1.67   16.67    6.67   10.00    5.00    5.00   28.33
1955 10    0.00   25.81   12.90   11.29    0.00    6.45    3.23    4.84    1.61   19.35    8.06    6.45
1955 11    5.00   36.67    8.33    0.00    3.33    0.00   15.00    1.67    3.33   15.00    1.67   10.00
1955 12    6.45    0.00    3.23   30.65    0.00   16.13   12.90    0.00    1.61    4.84   17.74    6.45
1956  1    0.00    1.61   12.90   24.19    9.68    3.23   12.90    1.61    0.00    8.06   14.52   11.29
1956  2   22.41    1.72   13.79   10.34    0.00   20.69    0.00    1.72    1.72    5.17   22.41    0.00
1956  3    9.68    1.61    6.45    4.84    1.61   14.52    6.45    0.00   25.81    1.61    8.06   19.35
1956  4    0.00   23.33    0.00   15.00    0.00    0.00    5.00    6.67    1.67   21.67   11.67   15.00
1956  5   33.87    3.23    1.61   32.26    1.61    1.61    0.00    0.00    0.00    9.68   16.13    0.00
1956  6   15.00   25.00   16.67   11.67    0.00    1.67    1.67    1.67    8.33   16.67    1.67    0.00
1956  7   22.58   20.97   17.74    9.68    3.23    0.00    3.23    1.61    4.84    9.68    3.23    3.23
1956  8   17.74   29.03    6.45    9.68    9.68    0.00    9.68    1.61    0.00   11.29    4.84    0.00
1956  9    8.33    3.33    6.67   10.00    1.67    1.67   25.00    0.00    1.67    5.00   23.33   13.33
1956 10    8.06   22.58    3.23   12.90    8.06    0.00    8.06    0.00    1.61   27.42    4.84    3.23
1956 11   26.67   35.00    3.33    8.33    0.00    0.00    0.00    0.00    1.67   23.33    1.67    0.00
1956 12   14.52   40.32    0.00    1.61    0.00    1.61    3.23    0.00    0.00   30.65    6.45    1.61
1957  1   11.29   12.90    6.45    1.61   12.90   11.29   11.29    1.61    3.23    9.68    4.84   12.90
1957  2   17.86    3.57   10.71   33.93    1.79   14.29    1.79    0.00    0.00    1.79   14.29    0.00
1957  3    0.00   12.90    1.61   35.48    3.23    8.06    0.00    0.00    0.00    9.68   22.58    6.45
1957  4    0.00   11.67   10.00    3.33    0.00    5.00   18.33    8.33    1.67   11.67   23.33    6.67
1957  5    4.84   16.13   41.94    0.00    4.84    0.00    6.45   11.29    3.23   11.29    0.00    0.00
1957  6    8.33    8.33   48.33    0.00    6.67    5.00    3.33    6.67    8.33    0.00    1.67    3.33
1957  7   12.90    4.84   17.74    3.23    4.84    9.68    4.84    3.23    0.00    3.23   33.87    1.61
1957  8    8.06    3.23   11.29    9.68    0.00    8.06    4.84    3.23   12.90   12.90   22.58    3.23
1957  9   13.33    6.67    3.33    3.33    8.33    3.33   13.33    3.33    5.00    6.67   26.67    6.67
1957 10    0.00   45.16   25.81    0.00    1.61    3.23    3.23   11.29    0.00    8.06    0.00    1.61
1957 11    6.67   50.00    6.67    6.67    0.00    0.00    0.00    6.67    3.33   20.00    0.00    0.00
1957 12    3.23   35.48   27.42    0.00    0.00    0.00    3.23    6.45    8.06   16.13    0.00    0.00
1958  1   11.29   17.74   11.29    3.23    6.45    3.23   14.52    8.06    3.23    1.61    4.84   14.52
1958  2    5.36   10.71    5.36   14.29    0.00    0.00    8.93    1.79    0.00    3.57   42.86    7.14
1958  3    6.45   16.13    9.68    8.06    1.61    9.68   11.29    6.45    4.84    3.23   19.35    3.23
1958  4    0.00    1.67   33.33    0.00    3.33    3.33    1.67    8.33   35.00    0.00    0.00   13.33
1958  5    8.06   22.58   11.29    6.45    8.06    4.84    0.00   24.19    4.84    4.84    3.23    1.61
1958  6   11.67    3.33   31.67    5.00    0.00    3.33    5.00    6.67   18.33    1.67    0.00   13.33
1958  7   22.58   27.42    4.84   11.29   12.90    0.00    3.23    0.00    1.61    4.84    6.45    4.84
1958  8    0.00   19.35    8.06    1.61    0.00    3.23   12.90    3.23    8.06   16.13    8.06   19.35
1958  9    0.00    6.67   11.67   11.67    3.33    1.67   18.33    0.00    3.33    6.67   25.00   11.67
1958 10    9.68   17.74    1.61   12.90    3.23    0.00    8.06    1.61    0.00   24.19   19.35    1.61
1958 11    0.00    5.00    5.00    0.00    0.00    3.33   15.00    3.33   11.67    8.33   15.00   33.33
1958 12    3.23    9.68   11.29   12.90    1.61    0.00   20.97    1.61    6.45   16.13   14.52    1.61
1959  1    8.06    4.84    8.06   16.13    3.23   22.58    0.00    0.00    1.61    8.06   25.81    1.61
1959  2   10.71   10.71    1.79    1.79    8.93    3.57    8.93    0.00    8.93    3.57   26.79   14.29
1959  3   11.29    0.00    9.68    8.06    6.45    3.23   14.52    1.61    0.00    1.61   30.65   12.90
1959  4    6.67    6.67   15.00    6.67    0.00    1.67    3.33    3.33    3.33   15.00   13.33   25.00
1959  5   14.52   37.10   20.97    0.00   19.35    1.61    0.00    0.00    3.23    3.23    0.00    0.00
1959  6    0.00    5.00    3.33    0.00    0.00    3.33    0.00   13.33   26.67    0.00   15.00   33.33
1959  7    0.00    9.68   19.35   17.74    0.00    0.00    0.00    8.06   17.74    3.23    3.23   20.97
1959  8    8.06   17.74    6.45    9.68    1.61    3.23    0.00    4.84    8.06    9.68    9.68   20.97
1959  9    3.33   11.67    0.00   11.67    0.00    0.00    3.33   10.00    3.33    8.33    5.00   43.33
1959 10    8.06   14.52   16.13    9.68    4.84    4.84    3.23    0.00    4.84    3.23   24.19    6.45
1959 11    1.67    8.33   21.67    8.33    0.00    1.67    6.67    6.67    6.67    0.00    6.67   31.67
1959 12   17.74   16.13    1.61   22.58    6.45    0.00    9.68    0.00    1.61    1.61   22.58    0.00
1960  1    4.84   22.58   25.81    0.00    1.61    3.23    3.23    9.68    6.45    0.00    6.45   16.13
1960  2   13.79    6.90    3.45    5.17    3.45   17.24   10.34    1.72    1.72   20.69   15.52    0.00
1960  3    8.06   11.29    6.45   16.13    8.06   11.29    3.23    0.00    0.00    9.68   25.81    0.00
1960  4    0.00    8.33    6.67    5.00   20.00    1.67    6.67    5.00    5.00    3.33   23.33   15.00
1960  5    0.00   14.52    6.45   11.29    0.00    3.23    3.23    1.61    6.45   24.19   24.19    4.84
1960  6   15.00   11.67   13.33   16.67    5.00    5.00   10.00    0.00    5.00    8.33    6.67    3.33
1960  7    6.45   20.97   17.74    4.84    0.00    0.00    3.23    8.06    6.45    4.84    1.61   25.81
1960  8   12.90   11.29    9.68    0.00    1.61    0.00    9.68    0.00    1.61    4.84   41.94    6.45
1960  9   18.33    8.33    6.67   16.67    0.00    5.00    3.33   11.67    0.00    5.00   21.67    3.33
1960 10    4.84   11.29    3.23    0.00    1.61    0.00   12.90    9.68   12.90   11.29   12.90   19.35
1960 11   15.00   25.00   13.33    0.00   21.67    1.67    0.00    1.67    0.00   16.67    5.00    0.00
1960 12   37.10   11.29    8.06    0.00   12.90    8.06    0.00    3.23    6.45    0.00    0.00   12.90
1961  1    8.06    4.84   17.74   22.58   11.29   19.35    8.06    1.61    0.00    1.61    3.23    1.61
1961  2   23.21    1.79   21.43    8.93    5.36    1.79   10.71    0.00    8.93    3.57   14.29    0.00
1961  3   11.29    9.68   12.90    4.84    0.00    6.45    3.23    3.23   16.13    8.06   11.29   12.90
1961  4    3.33    6.67    5.00    0.00    1.67   11.67   13.33    3.33    3.33    1.67   30.00   20.00
1961  5   19.35    0.00    0.00    6.45    6.45    0.00    3.23   11.29   24.19   17.74    3.23    8.06
1961  6   15.00   20.00   20.00    0.00    0.00    5.00    0.00    1.67   10.00    5.00    3.33   20.00
1961  7   11.29   25.81   12.90    6.45    0.00    4.84    3.23    4.84    0.00   17.74   11.29    1.61
1961  8    0.00    8.06    6.45    6.45   16.13    8.06    9.68    4.84    1.61    1.61   30.65    6.45
1961  9    0.00   15.00   28.33    6.67    3.33    6.67   10.00    3.33    3.33    0.00   15.00    8.33
1961 10    0.00    6.45    4.84    0.00    0.00    0.00   20.97    8.06    9.68    3.23    4.84   41.94
1961 11    0.00    6.67    6.67    3.33    0.00    6.67    5.00   20.00   15.00    0.00   11.67   25.00
1961 12    0.00    3.23    0.00    6.45    6.45    3.23   12.90    1.61    1.61    6.45   41.94   16.13
1962  1    0.00    8.06    6.45    4.84    3.23    9.68    9.68    1.61    3.23    6.45   37.10    9.68
1962  2   17.86    8.93   17.86   12.50    3.57   10.71    7.14    0.00    0.00    8.93   12.50    0.00
1962  3   12.90    1.61    3.23    6.45   11.29   11.29    1.61    0.00    6.45   16.13   16.13   12.90
1962  4   11.67   10.00   13.33    3.33    3.33    5.00   11.67    0.00    6.67    0.00   30.00    5.00
1962  5    1.61    6.45    9.68   16.13    0.00    3.23   20.97    4.84    6.45   11.29   17.74    1.61
1962  6    6.67   35.00   16.67    0.00    3.33    0.00    8.33    8.33    0.00    0.00    5.00   16.67
1962  7    6.45    9.68    6.45    0.00    3.23    3.23    9.68    8.06    4.84    4.84   24.19   19.35
1962  8    0.00   24.19    8.06    0.00    0.00   12.90   12.90   12.90    4.84    4.84    4.84   14.52
1962  9    6.67   18.33    8.33    0.00    5.00    5.00    8.33    8.33   10.00   11.67   13.33    5.00
1962 10    0.00   25.81    4.84   12.90    0.00    3.23    8.06    3.23    6.45   25.81    4.84    4.84
1962 11   21.67   23.33   10.00    1.67    1.67    6.67   10.00    3.33    5.00   15.00    0.00    1.67
1962 12    3.23    0.00    1.61    6.45    4.84   14.52   20.97    0.00    0.00    0.00   27.42   20.97
1963  1    1.61    4.84   11.29    8.06    6.45    9.68    1.61    1.61    4.84    9.68   30.65    9.68
1963  2    0.00    5.36    5.36    8.93    0.00    3.57   12.50    5.36    8.93   12.50   33.93    3.57
1963  3    4.84    3.23   11.29    1.61    4.84    8.06    8.06    8.06   16.13    4.84   14.52   14.52
1963  4   10.00    5.00   11.67    3.33    5.00   13.33    8.33    6.67    1.67    1.67   18.33   15.00
1963  5   11.29   12.90   12.90    1.61    0.00    6.45    6.45    4.84   12.90    4.84    1.61   24.19
1963  6   11.67   15.00   16.67    5.00    1.67    6.67    1.67    0.00    0.00    8.33   15.00   18.33
1963  7   17.74   11.29    9.68   22.58    4.84    1.61    4.84    0.00    3.23   12.90   11.29    0.00
1963  8    1.61    8.06   19.35    9.68    1.61    1.61   11.29    4.84    6.45    6.45   14.52   14.52
1963  9   10.00   20.00    8.33    6.67    3.33    0.00   15.00    5.00    8.33   10.00    0.00   13.33
1963 10    0.00    0.00    4.84    0.00    0.00    4.84    0.00    1.61   35.48    0.00    6.45   46.77
1963 11    0.00   15.00   26.67    3.33    0.00    1.67    3.33   13.33   18.33    0.00    8.33   10.00
1963 12    8.06   25.81   25.81    0.00   12.90    3.23    1.61    0.00    3.23    1.61    8.06    9.68
1964  1    1.61   48.39    9.68    0.00    0.00   12.90    6.45    3.23    1.61    8.06    4.84    3.23
1964  2    0.00    0.00    0.00   32.76    8.62   10.34    6.90    0.00    0.00    1.72   34.48    5.17
1964  3    1.61   17.74   11.29    1.61    1.61    6.45    6.45    4.84   16.13    9.68   11.29   11.29
1964  4    1.67   11.67    6.67    8.33    0.00   16.67    0.00    5.00    8.33    8.33   15.00   18.33
1964  5    6.45    8.06    8.06    1.61    3.23    3.23    3.23    4.84   14.52   16.13    0.00   30.65
1964  6   11.67    6.67   15.00   11.67    1.67    1.67    8.33    8.33   15.00    8.33   11.67    0.00
1964  7   12.90   43.55    6.45    0.00    1.61    0.00   12.90    3.23    6.45    1.61    3.23    8.06
1964  8    9.68   43.55   16.13    0.00    1.61    0.00    3.23    4.84    8.06    3.23    0.00    9.68
1964  9    0.00   23.33   10.00    0.00    0.00    1.67   16.67    8.33   16.67    5.00    3.33   15.00
1964 10   16.13   35.48    6.45   11.29    0.00    1.61    0.00    0.00    0.00   12.90    6.45    9.68
1964 11    5.00   31.67   28.33    3.33    0.00    3.33    3.33    5.00    8.33    6.67    5.00    0.00
1964 12    8.06   17.74    3.23   14.52    4.84    3.23    9.68    1.61    0.00   24.19   12.90    0.00
1965  1    8.06    8.06    0.00   40.32    0.00    1.61    8.06    4.84    0.00   17.74   11.29    0.00
1965  2   19.64    8.93   46.43    5.36    0.00    3.57    1.79    0.00    0.00   12.50    1.79    0.00
1965  3   19.35   11.29    4.84    0.00   14.52    0.00   17.74    8.06    1.61   11.29    9.68    1.61
1965  4    1.67    5.00   20.00    1.67    0.00    1.67   16.67    0.00    1.67    1.67   41.67    8.33
1965  5    3.23    8.06    6.45    8.06    0.00    1.61    9.68    9.68   17.74   16.13    1.61   17.74
1965  6    0.00    8.33   16.67    0.00    5.00   11.67    6.67    8.33   15.00    6.67   13.33    8.33
1965  7    4.84   20.97   22.58    3.23    3.23   14.52    1.61    3.23    3.23    8.06    6.45    8.06
1965  8   11.29    8.06    0.00    0.00    8.06    3.23    4.84    3.23    9.68    4.84   35.48   11.29
1965  9    0.00   23.33   10.00    0.00    0.00    0.00    1.67    6.67   10.00    3.33   10.00   35.00
1965 10    0.00   14.52   20.97    0.00    0.00    0.00    4.84    9.68   20.97    0.00    1.61   27.42
1965 11    1.67   25.00   20.00    3.33    0.00    3.33   10.00    6.67    6.67   16.67    1.67    5.00
1965 12   11.29   20.97    3.23    0.00    0.00    3.23    3.23    4.84    4.84    4.84    4.84   38.71
1966  1    3.23    4.84   20.97   20.97    8.06    3.23    4.84    3.23    3.23    9.68   11.29    6.45
1966  2   10.71    0.00    0.00   21.43    0.00    3.57   19.64    5.36    1.79    0.00   32.14    5.36
1966  3    6.45    9.68   11.29   12.90    0.00    8.06    1.61    0.00    1.61    6.45   38.71    3.23
1966  4    1.67   18.33   18.33    5.00    1.67    1.67    5.00    0.00    5.00   13.33    8.33   21.67
1966  5   19.35   11.29    8.06    4.84   17.74    1.61    0.00    0.00    4.84    8.06    6.45   17.74
1966  6   10.00   13.33   10.00    5.00    0.00    3.33    5.00   10.00   20.00    0.00    5.00   18.33
1966  7   19.35    3.23    9.68    0.00    1.61    3.23   22.58    0.00    1.61   12.90   16.13    9.68
1966  8    4.84    3.23    8.06    8.06    3.23    3.23   14.52    4.84    0.00    0.00   11.29   38.71
1966  9    0.00    8.33    6.67   11.67    1.67    0.00   10.00    0.00    1.67    6.67   33.33   20.00
1966 10   14.52    8.06    8.06    1.61    0.00    1.61    4.84    1.61   12.90    3.23    6.45   37.10
1966 11   10.00   18.33   16.67   18.33    0.00    6.67    3.33    5.00    6.67    3.33    6.67    5.00
1966 12   11.29   11.29   12.90    4.84    3.23    8.06   17.74    3.23    1.61    8.06    8.06    9.68
1967  1   20.97   17.74    9.68    6.45    4.84    3.23    1.61    9.68    3.23   16.13    4.84    1.61
1967  2   12.50   10.71    7.14    5.36    3.57   16.07    3.57    5.36    7.14    3.57    5.36   19.64
1967  3    3.23    0.00    3.23   17.74    0.00   17.74    9.68    0.00    4.84    8.06   27.42    8.06
1967  4    3.33   10.00   15.00    5.00    0.00   18.33    5.00    3.33   18.33    1.67   13.33    6.67
1967  5    8.06    1.61   20.97    4.84    3.23    0.00    4.84    0.00   27.42    1.61    8.06   19.35
1967  6    1.67    1.67    1.67    0.00    1.67    3.33    3.33    3.33   23.33    3.33   10.00   46.67
1967  7    0.00    6.45    3.23    3.23    6.45   22.58   12.90    0.00    9.68    1.61   25.81    8.06
1967  8    1.61   14.52    6.45    6.45    0.00    0.00   12.90    9.68   11.29   12.90   11.29   12.90
1967  9   20.00    6.67    8.33    8.33   11.67    1.67   11.67    5.00    1.67    8.33    3.33   13.33
1967 10    0.00    6.45    3.23    0.00    0.00    8.06    9.68    9.68   11.29    3.23    8.06   40.32
1967 11   16.67   26.67   20.00    1.67    0.00    0.00   10.00    8.33    3.33   10.00    3.33    0.00
1967 12   24.19   17.74    9.68   14.52    0.00    0.00   11.29    1.61    0.00   17.74    1.61    1.61
1968  1   14.52   14.52   17.74    1.61   14.52   14.52    3.23    4.84    1.61    4.84    3.23    4.84
1968  2    0.00   13.79   10.34    0.00   17.24    5.17    5.17    6.90    1.72    1.72   25.86   12.07
1968  3    9.68    0.00    0.00   29.03    0.00    6.45    1.61    0.00    4.84    6.45   24.19   17.74
1968  4   16.67   13.33    8.33    1.67   26.67    1.67    3.33    0.00    0.00   21.67    6.67    0.00
1968  5    3.23   38.71    1.61    4.84    4.84    0.00    9.68    0.00    1.61   17.74    3.23   14.52
1968  6   16.67   40.00    0.00    1.67    3.33    8.33    0.00    0.00    0.00    3.33   20.00    6.67
1968  7    8.06    6.45   22.58    8.06    9.68    4.84    3.23    0.00    1.61    4.84   22.58    8.06
1968  8    4.84   24.19    3.23   12.90   11.29    0.00   11.29    6.45    1.61   17.74    0.00    6.45
1968  9   10.00   26.67   16.67    0.00    0.00    6.67    5.00   13.33   10.00    0.00    1.67   10.00
1968 10    1.61   29.03   30.65    0.00    1.61    0.00    3.23   17.74    6.45    4.84    1.61    3.23
1968 11    6.67   41.67   16.67    0.00    1.67    0.00    6.67    5.00   11.67   10.00    0.00    0.00
1968 12   16.13    4.84    1.61   24.19   20.97    0.00    9.68    0.00    1.61    3.23   14.52    3.23
1969  1   12.90    6.45   19.35    6.45    9.68    3.23    0.00    0.00    1.61   27.42   12.90    0.00
1969  2   26.79    0.00    1.79   21.43    5.36    8.93    3.57    0.00    0.00    1.79   25.00    5.36
1969  3    1.61    3.23   11.29    0.00    0.00    0.00    6.45    1.61   29.03    0.00   19.35   27.42
1969  4    3.33   15.00   35.00    5.00    0.00    3.33    0.00    5.00    1.67   15.00    1.67   15.00
1969  5    0.00    4.84    8.06   14.52    6.45    0.00    6.45    1.61   14.52    4.84   19.35   19.35
1969  6   11.67   10.00   41.67   10.00    1.67    1.67    1.67    6.67    3.33    1.67    5.00    5.00
1969  7    0.00    0.00    3.23    0.00    4.84    0.00   12.90    3.23   12.90    1.61    1.61   59.68
1969  8    0.00    3.23    4.84    4.84    0.00    6.45    9.68    4.84   16.13    0.00    0.00   50.00
1969  9    8.33   15.00    3.33    6.67    3.33    1.67   15.00    5.00    0.00   25.00    0.00   16.67
1969 10    0.00    3.23   19.35    0.00    0.00    4.84    3.23    9.68   17.74    0.00    4.84   37.10
1969 11   13.33    1.67    0.00    5.00    1.67    1.67    3.33    0.00    0.00    5.00   25.00   43.33
1969 12    1.61   11.29    3.23   19.35    1.61    1.61    6.45    0.00    1.61   33.87   14.52    4.84
1970  1    6.45    6.45   12.90   12.90    6.45   14.52    6.45    4.84    6.45    0.00   22.58    0.00
1970  2    1.79    0.00    7.14    5.36   33.93    3.57    7.14    3.57    1.79    3.57   23.21    8.93
1970  3   14.52    4.84    4.84   24.19   12.90   11.29    3.23    0.00    0.00   11.29   11.29    1.61
1970  4    1.67    8.33   18.33    8.33    1.67    1.67    1.67    3.33   25.00   20.00    0.00   10.00
1970  5   16.13   11.29   12.90    9.68    6.45    4.84    0.00    0.00    0.00    8.06    6.45   24.19
1970  6    3.33   20.00    3.33    3.33    5.00   11.67    1.67    0.00    0.00   13.33    5.00   33.33
1970  7    0.00   12.90   16.13    1.61    0.00    0.00    8.06   14.52    6.45   16.13    0.00   24.19
1970  8    8.06    1.61    1.61    6.45    3.23    6.45   27.42    4.84    0.00    4.84   11.29   24.19
1970  9    1.67   21.67   16.67    1.67    0.00    1.67    8.33   20.00    6.67    6.67    6.67    8.33
1970 10    0.00   16.13   12.90    9.68    0.00    0.00    9.68   16.13   11.29    3.23    9.68   11.29
1970 11    3.33    1.67    1.67    3.33    0.00   15.00    6.67    1.67    5.00    8.33   18.33   35.00
1970 12   11.29    4.84    9.68   11.29    6.45   19.35    6.45    8.06    3.23    4.84   11.29    3.23
1971  1    9.68    4.84    0.00   25.81    0.00    4.84    0.00    0.00    0.00    0.00   51.61    3.23
1971  2   10.71    0.00    7.14   10.71    3.57   10.71    7.14    0.00    0.00    5.36   37.50    7.14
1971  3    8.06    1.61    1.61    9.68   16.13   20.97    0.00    1.61    9.68    3.23    6.45   20.97
1971  4    6.67    0.00    8.33   13.33    1.67   11.67    6.67    0.00    1.67    6.67   41.67    1.67
1971  5   12.90    4.84    0.00    4.84    0.00   19.35    4.84    3.23    0.00   22.58   24.19    3.23
1971  6    5.00   13.33   11.67   11.67    0.00    1.67   23.33    1.67    3.33   10.00   11.67    6.67
1971  7    0.00   12.90    1.61   11.29   17.74    1.61    0.00    0.00    4.84    8.06   37.10    4.84
1971  8    6.45   24.19    0.00    3.23    3.23    0.00   14.52    0.00    0.00    4.84   37.10    6.45
1971  9    5.00   28.33   15.00    1.67    0.00    0.00    1.67   18.33    8.33    1.67    6.67   13.33
1971 10   22.58   33.87   16.13    0.00    0.00    0.00    8.06    4.84    3.23    6.45    0.00    4.84
1971 11   31.67   21.67    6.67    8.33    3.33    0.00    0.00    0.00    1.67    5.00   13.33    8.33
1971 12   14.52    0.00    3.23   19.35   12.90   11.29    4.84    0.00    1.61    6.45   12.90   12.90
1972  1   19.35    8.06   17.74   12.90    4.84    9.68    3.23    3.23    4.84    9.68    1.61    4.84
1972  2    0.00    5.17    3.45    6.90    1.72   32.76    0.00    0.00    1.72    5.17   24.14   18.97
1972  3    3.23    9.68    8.06   19.35    1.61    6.45    4.84    6.45    1.61    4.84   25.81    8.06
1972  4    6.67   13.33   30.00    5.00   15.00    6.67    0.00    6.67   10.00    0.00    0.00    6.67
1972  5    4.84   12.90   22.58    1.61    0.00    1.61    1.61    3.23   20.97    1.61    4.84   24.19
1972  6   11.67    0.00   40.00    6.67    6.67    6.67    1.67    5.00   10.00    3.33    6.67    1.67
1972  7    0.00   35.48    8.06    6.45   12.90    4.84    4.84    3.23    1.61    6.45   12.90    3.23
1972  8    1.61   12.90   14.52    0.00    3.23   17.74   17.74    0.00    8.06    4.84   11.29    8.06
1972  9    3.33    3.33   15.00    0.00    0.00    1.67    1.67   36.67   21.67    0.00    0.00   16.67
1972 10    4.84   17.74    8.06    1.61    1.61    0.00    1.61    4.84   32.26    1.61    0.00   25.81
1972 11    5.00    3.33   10.00   10.00    0.00    6.67   18.33    6.67   10.00    1.67    8.33   20.00
1972 12   19.35   25.81   19.35    0.00   11.29    0.00    6.45    0.00    0.00   16.13    0.00    1.61
1973  1    6.45    4.84   14.52    1.61   11.29    3.23   20.97    0.00    3.23    3.23   11.29   19.35
1973  2    1.79    5.36   14.29    1.79    5.36    8.93    7.14    0.00    0.00    3.57   41.07   10.71
1973  3    1.61    0.00    3.23    4.84    6.45    4.84   30.65    0.00    3.23    6.45   33.87    4.84
1973  4    0.00    6.67   18.33    3.33    8.33    8.33    1.67    5.00   11.67    6.67    8.33   21.67
1973  5    6.45   22.58   24.19    0.00    1.61    0.00    3.23   16.13   11.29    3.23    0.00   11.29
1973  6    6.67   13.33    6.67    5.00    3.33    6.67   15.00    6.67    5.00    8.33    6.67   16.67
1973  7    0.00    0.00    3.23    4.84    0.00    8.06    3.23    0.00    4.84    3.23   48.39   24.19
1973  8    4.84    9.68    1.61   11.29    6.45    3.23    9.68    4.84    6.45   14.52   22.58    4.84
1973  9    0.00   13.33   20.00    0.00    5.00    3.33   10.00    8.33   15.00    8.33   15.00    1.67
1973 10    0.00    3.23   16.13    1.61    0.00    8.06   14.52   12.90    8.06    0.00    4.84   30.65
1973 11   13.33   33.33   11.67    3.33    1.67    3.33    8.33    3.33    5.00   10.00    6.67    0.00
1973 12    4.84    3.23    3.23    8.06   17.74   16.13   11.29    1.61    1.61    6.45   20.97    4.84
1974  1    6.45    3.23    3.23    1.61   16.13   33.87    4.84    1.61    1.61    1.61   22.58    3.23
1974  2   10.71    0.00    0.00   32.14   12.50    3.57   10.71    0.00    0.00    1.79   26.79    1.79
1974  3    8.06    0.00   14.52    3.23    9.68    3.23    0.00    0.00    4.84    3.23   43.55    9.68
1974  4    0.00    1.67    0.00    6.67   15.00   10.00   20.00    0.00    0.00    0.00   46.67    0.00
1974  5    8.06    4.84   14.52    6.45    0.00    8.06    1.61    3.23   14.52    4.84   14.52   19.35
1974  6   25.00    5.00    1.67   10.00    1.67    3.33    6.67   11.67    1.67    3.33   16.67   13.33
1974  7   17.74   32.26   20.97    3.23    4.84    0.00    3.23    3.23    1.61   12.90    0.00    0.00
1974  8   27.42    9.68   12.90    0.00    4.84    8.06    6.45    0.00   11.29   16.13    0.00    3.23
1974  9    6.67   15.00    8.33    1.67    6.67    5.00   18.33    0.00    0.00   21.67   13.33    3.33
1974 10   16.13   11.29   12.90    1.61    3.23   12.90    4.84    0.00    0.00   12.90    9.68   14.52
1974 11    0.00   16.67    6.67   36.67    1.67   16.67    3.33    0.00    1.67    3.33   13.33    0.00
1974 12   11.29   14.52    0.00   17.74    8.06    3.23    0.00    0.00    0.00   35.48    9.68    0.00
1975  1   29.03    1.61    1.61   20.97   24.19    6.45    0.00    0.00    0.00   12.90    3.23    0.00
1975  2    7.14    1.79   10.71   12.50    0.00    5.36   12.50    0.00    1.79    1.79   35.71   10.71
1975  3    0.00    6.45    3.23   20.97    0.00    9.68   12.90    1.61    3.23    9.68   24.19    8.06
1975  4    0.00   15.00    6.67    0.00    0.00    8.33    6.67    5.00   13.33    3.33   13.33   28.33
1975  5    6.45   20.97   22.58    0.00    1.61    3.23    6.45   11.29    3.23    6.45    9.68    8.06
1975  6   26.67    1.67   15.00    3.33    5.00    5.00   10.00    3.33   16.67    0.00    1.67   11.67
1975  7    9.68   11.29   14.52    6.45    1.61   11.29    0.00   16.13   16.13    3.23    0.00    9.68
1975  8    9.68   14.52   14.52    9.68    0.00    0.00   11.29    3.23    4.84   16.13    1.61   14.52
1975  9    3.33   15.00    6.67    5.00    0.00    5.00    0.00    3.33   21.67    3.33   10.00   26.67
1975 10    9.68   17.74   16.13    0.00    6.45    4.84    4.84    4.84    3.23   11.29   16.13    4.84
1975 11    5.00   10.00   18.33    6.67    0.00   10.00    1.67    5.00    3.33   10.00   15.00   15.00
1975 12    1.61   27.42   29.03    1.61    1.61    4.84    0.00    4.84    9.68    3.23    8.06    8.06
1976  1    8.06   11.29   11.29   14.52   12.90    9.68    0.00    1.61    3.23   16.13    9.68    1.61
1976  2    3.45    0.00    1.72    5.17   20.69   12.07    5.17    3.45   18.97    3.45   17.24    8.62
1976  3    3.23    4.84    1.61    6.45    0.00    9.68   11.29    0.00    1.61    3.23   58.06    0.00
1976  4    6.67    5.00    3.33    3.33   11.67    6.67    1.67    0.00    1.67    5.00   40.00   15.00
1976  5    0.00    6.45   30.65    0.00    0.00    0.00   12.90    8.06   19.35    3.23    0.00   19.35
1976  6    5.00   15.00   21.67    3.33    0.00   13.33    6.67    8.33    8.33    0.00    3.33   15.00
1976  7    8.06   16.13   20.97    0.00    3.23    0.00    3.23    8.06   16.13    4.84    6.45   12.90
1976  8    1.61   25.81    3.23   19.35   14.52    3.23    3.23    3.23    1.61   12.90    9.68    1.61
1976  9    1.67   10.00   13.33   16.67    6.67    5.00    1.67    0.00    1.67   10.00   18.33   15.00
1976 10   25.81    9.68    6.45   17.74    1.61    4.84    3.23    0.00    1.61   20.97    6.45    1.61
1976 11   15.00   18.33    6.67   30.00    6.67    5.00    1.67    0.00    0.00   10.00    6.67    0.00
1976 12   20.97   22.58    4.84    0.00   12.90    0.00    8.06    0.00    0.00   30.65    0.00    0.00
1977  1   33.87   20.97   14.52    4.84    3.23    4.84    6.45    3.23    1.61    4.84    1.61    0.00
1977  2    0.00    3.57    0.00   21.43    5.36    5.36    5.36    7.14    1.79    3.57   25.00   21.43
1977  3    4.84    1.61    1.61    3.23    8.06   12.90    4.84    6.45    3.23    4.84   33.87   14.52
1977  4    3.33   25.00   16.67    0.00   10.00    5.00   10.00    3.33    5.00   10.00    6.67    5.00
1977  5   16.13   14.52   14.52    4.84    4.84    8.06    3.23    4.84    1.61    6.45   11.29    9.68
1977  6    5.00   11.67   13.33   20.00    0.00    6.67    5.00   10.00    3.33    8.33   11.67    5.00
1977  7   12.90    6.45    4.84    0.00    6.45    0.00    1.61    0.00    0.00   19.35   20.97   27.42
1977  8    1.61    3.23    3.23    3.23   12.90    1.61   20.97    6.45    3.23    3.23   27.42   12.90
1977  9   28.33   13.33    8.33    3.33   10.00    6.67    3.33    5.00   15.00    3.33    0.00    3.33
1977 10    0.00    3.23   25.81    1.61    0.00    1.61   12.90   20.97    8.06    4.84    4.84   16.13
1977 11    0.00   10.00   10.00    0.00    0.00    5.00   28.33   10.00   15.00    1.67    3.33   16.67
1977 12    9.68   35.48    4.84    4.84    8.06    4.84    4.84    0.00    0.00   16.13   11.29    0.00
1978  1    6.45    4.84    4.84    0.00    1.61    4.84    4.84    1.61    3.23    3.23   43.55   20.97
1978  2    0.00    3.57    7.14    7.14   12.50    3.57    8.93    1.79    1.79   10.71   30.36   12.50
1978  3    3.23    3.23   12.90    1.61    0.00    3.23   12.90    1.61    1.61    4.84   24.19   30.65
1978  4   13.33    0.00    0.00   15.00    0.00    0.00   28.33    0.00    0.00    6.67   30.00    6.67
1978  5    8.06    1.61    0.00   12.90   14.52   11.29    6.45    1.61    8.06    6.45    3.23   25.81
1978  6   41.67    5.00   11.67   18.33    3.33    1.67    0.00    0.00    0.00    1.67   10.00    6.67
1978  7   20.97   22.58    3.23    6.45    4.84    1.61    0.00    0.00    6.45   24.19    4.84    4.84
1978  8   14.52   16.13    4.84    6.45    3.23    0.00   11.29    0.00    8.06    4.84    3.23   27.42
1978  9    1.67    8.33    1.67    5.00    1.67    6.67   16.67    6.67    0.00    8.33   31.67   11.67
1978 10    9.68    1.61    9.68    0.00    4.84    0.00    8.06   12.90   11.29    3.23    6.45   32.26
1978 11    0.00   13.33    8.33    3.33    0.00    1.67   11.67    5.00   13.33    3.33    5.00   35.00
1978 12   22.58   17.74    4.84    8.06    9.68    1.61    1.61    1.61    1.61   16.13    6.45    8.06
1979  1    6.45   16.13   25.81    0.00    3.23    9.68    4.84    9.68    4.84    3.23    9.68    6.45
1979  2    0.00   16.07    7.14    1.79    8.93   17.86    1.79   10.71    7.14    8.93   16.07    3.57
1979  3    1.61    0.00    3.23   24.19   12.90    6.45    9.68    0.00    1.61    4.84   29.03    6.45
1979  4    0.00    5.00    6.67    0.00    0.00    1.67   23.33   11.67   10.00    5.00   30.00    6.67
1979  5    1.61   22.58    9.68    9.68    3.23    4.84    3.23    4.84    8.06    3.23   16.13   12.90
1979  6    1.67    0.00    0.00    5.00    5.00   10.00    3.33    0.00   20.00    0.00   31.67   23.33
1979  7    9.68    6.45    1.61    3.23    1.61    4.84   16.13    6.45   11.29    3.23    6.45   29.03
1979  8   20.97   16.13    3.23    3.23    9.68    0.00    4.84    1.61    1.61   20.97    8.06    9.68
1979  9    5.00   21.67    6.67    1.67   11.67    6.67    0.00   18.33   10.00    8.33    3.33    6.67
1979 10    1.61    9.68   12.90    4.84    8.06    8.06    4.84    9.68    8.06    6.45   12.90   12.90
1979 11    0.00    3.33    3.33    0.00    0.00    1.67   30.00   13.33    1.67    6.67   13.33   26.67
1979 12    4.84   16.13    8.06    0.00   16.13    3.23    9.68   12.90    3.23   16.13    1.61    8.06
1980  1    6.45   32.26    4.84   12.90    6.45    3.23    8.06    1.61    0.00    8.06   12.90    3.23
1980  2    8.62   12.07   13.79   13.79   10.34    5.17    1.72    0.00    0.00   15.52   18.97    0.00
1980  3   11.29    6.45   16.13    8.06   22.58    4.84    0.00    4.84    1.61   11.29   12.90    0.00
1980  4    0.00    8.33   10.00   15.00    8.33    6.67    5.00    3.33    1.67    5.00    6.67   30.00
1980  5    0.00    8.06    9.68    0.00    0.00    0.00    8.06    4.84    3.23    0.00   11.29   54.84
1980  6   15.00    6.67    5.00    3.33    6.67    1.67    8.33    1.67   10.00    5.00   21.67   15.00
1980  7   27.42   12.90   20.97    1.61    0.00    1.61    6.45    0.00    6.45    9.68    1.61   11.29
1980  8    0.00    9.68   16.13    0.00    1.61    0.00    0.00   30.65   20.97    0.00    0.00   20.97
1980  9    6.67   43.33   15.00    0.00    0.00    0.00    0.00   16.67   10.00    8.33    0.00    0.00
1980 10    4.84   17.74    8.06    1.61    0.00    4.84    4.84   11.29    6.45    6.45   19.35   14.52
1980 11   11.67   50.00   26.67    0.00    0.00    0.00    0.00    5.00    5.00    1.67    0.00    0.00
1980 12    6.45    6.45    6.45    6.45   22.58    6.45    6.45   11.29    4.84    8.06    8.06    6.45
1981  1    6.45    0.00   12.90    9.68    3.23   16.13    9.68    4.84    3.23    0.00   22.58   11.29
1981  2    8.93    7.14   25.00   16.07    0.00    3.57    7.14    0.00    0.00    0.00   23.21    8.93
1981  3    6.45    4.84    1.61   22.58    3.23    4.84   11.29    1.61    1.61    3.23   22.58   16.13
1981  4    1.67   18.33    8.33    8.33    0.00    5.00    1.67    8.33   11.67   13.33    3.33   20.00
1981  5    0.00    0.00    0.00    1.61    6.45    9.68    9.68    4.84    8.06    4.84   32.26   22.58
1981  6   16.67   23.33    3.33   11.67    3.33   11.67    6.67    0.00    1.67   15.00    5.00    1.67
1981  7    8.06   33.87    0.00    0.00    1.61    1.61    3.23    8.06    0.00    6.45    8.06   29.03
1981  8   20.97   29.03   12.90    9.68    1.61    3.23    0.00    0.00    0.00    9.68   12.90    0.00
1981  9    0.00   35.00   31.67    0.00    0.00    0.00    0.00   16.67    8.33    3.33    0.00    5.00
1981 10    6.45    6.45    6.45    0.00    1.61    4.84    4.84   22.58   17.74    0.00   11.29   17.74
1981 11   10.00    6.67    6.67   18.33    3.33    3.33    0.00    3.33    5.00   23.33   20.00    0.00
1981 12    1.61   17.74    4.84    3.23    0.00    4.84   16.13    1.61    4.84    6.45   33.87    4.84
1982  1    9.68   30.65    6.45    4.84    0.00   17.74    1.61    1.61    0.00    6.45    9.68   11.29
1982  2   12.50    7.14    5.36    0.00   12.50   12.50   14.29    1.79    7.14    3.57   17.86    5.36
1982  3    0.00    1.61    0.00    0.00    4.84    8.06   12.90    1.61    4.84    1.61   56.45    8.06
1982  4    8.33    5.00    5.00    0.00    8.33    1.67    5.00    5.00    0.00    6.67   46.67    8.33
1982  5    3.23   29.03    8.06    0.00    1.61    1.61    8.06    8.06   16.13    3.23   11.29    9.68
1982  6    8.33    0.00    5.00   11.67    8.33   18.33    8.33    0.00    0.00   10.00   21.67    8.33
1982  7    6.45   11.29   14.52    3.23    0.00   19.35    0.00    1.61    1.61    3.23   20.97   17.74
1982  8    0.00    3.23    3.23    0.00    0.00    1.61    1.61   11.29   38.71    0.00    1.61   38.71
1982  9    6.67    6.67    5.00    0.00    1.67    5.00   11.67   11.67    3.33   13.33    1.67   33.33
1982 10   16.13   16.13   33.87    4.84    3.23    1.61    0.00   12.90    3.23    8.06    0.00    0.00
1982 11    0.00   10.00   31.67    0.00    1.67    5.00    1.67   23.33   20.00    0.00    0.00    6.67
1982 12    6.45   22.58   14.52    3.23    1.61    3.23    0.00   14.52   12.90   12.90    6.45    1.61
1983  1    1.61   35.48   19.35    0.00    0.00    3.23    4.84    6.45    1.61   12.90    4.84    9.68
1983  2    0.00    3.57   30.36    1.79   10.71    3.57    1.79    3.57    1.79    0.00   19.64   23.21
1983  3    0.00    9.68   16.13    0.00    0.00    9.68   11.29    8.06   17.74    0.00   14.52   12.90
1983  4    0.00    8.33   15.00    0.00    0.00    3.33   15.00    5.00    1.67    0.00   21.67   30.00
1983  5    0.00   14.52   19.35    0.00    6.45    0.00    4.84    8.06   19.35    1.61   12.90   12.90
1983  6    3.33   18.33   20.00    0.00    0.00    0.00   13.33    5.00   13.33    3.33   16.67    6.67
1983  7   11.29    1.61    0.00    1.61   16.13    9.68   14.52    0.00    1.61    1.61   11.29   30.65
1983  8    0.00    4.84    8.06    4.84    3.23    0.00    9.68   11.29   12.90    3.23    6.45   35.48
1983  9    0.00   30.00   15.00    5.00    0.00    0.00    5.00   21.67   11.67    3.33    0.00    8.33
1983 10    0.00    8.06   12.90    1.61    3.23    4.84   11.29    6.45    3.23    9.68   29.03    9.68
1983 11    0.00    5.00    5.00    0.00    0.00    6.67   11.67    6.67    8.33   18.33   30.00    8.33
1983 12    8.06   17.74   19.35   12.90    4.84    1.61    3.23    1.61    6.45   12.90    6.45    4.84
1984  1   12.90   17.74    8.06    6.45    8.06   11.29    3.23    4.84    3.23   17.74    4.84    1.61
1984  2   12.07    3.45    0.00    1.72    8.62    6.90    6.90    1.72    0.00   12.07   46.55    0.00
1984  3    1.61    6.45    3.23   27.42    0.00    1.61   14.52    0.00    0.00   14.52   30.65    0.00
1984  4    0.00   15.00   11.67    0.00    0.00   11.67    5.00   11.67    5.00    0.00   23.33   16.67
1984  5    0.00    6.45   16.13    8.06    0.00    8.06    4.84    0.00   11.29    3.23   12.90   29.03
1984  6    0.00    1.67    5.00    5.00    1.67    8.33    3.33    3.33   18.33    3.33   10.00   40.00
1984  7   11.29    3.23    9.68    4.84    1.61    4.84   12.90    3.23    4.84   11.29    6.45   25.81
1984  8    4.84    6.45   16.13   12.90    1.61    1.61    4.84    6.45    6.45   27.42   11.29    0.00
1984  9    6.67   15.00    0.00    8.33   13.33    0.00   18.33    5.00    3.33    6.67   16.67    6.67
1984 10    1.61    6.45   14.52    0.00    1.61    6.45    3.23   17.74   12.90    4.84    3.23   27.42
1984 11    1.67   15.00   15.00    0.00    0.00    1.67    5.00    8.33    8.33    5.00   15.00   25.00
1984 12   14.52   14.52    0.00   29.03    9.68    0.00    3.23    0.00    0.00   25.81    3.23    0.00
1985  1    8.06   25.81    1.61    1.61   11.29    9.68    3.23    0.00    0.00   27.42    6.45    4.84
1985  2    8.93    3.57    3.57   17.86    7.14    7.14    3.57    1.79    3.57    8.93   19.64   14.29
1985  3    8.06    0.00    0.00    6.45    9.68   29.03    0.00    0.00    8.06    8.06   11.29   19.35
1985  4    1.67    3.33    1.67    6.67    0.00   10.00    8.33    0.00    8.33    3.33   51.67    5.00
1985  5    8.06    0.00    6.45    1.61    1.61   12.90    9.68    0.00    1.61    1.61   53.23    3.23
1985  6   11.67    1.67    8.33    3.33    5.00    0.00   31.67    3.33    5.00   10.00   13.33    6.67
1985  7    3.23    9.68    9.68    8.06   11.29    6.45    1.61    4.84    8.06   20.97    3.23   12.90
1985  8    4.84    4.84   14.52    0.00    0.00    8.06   11.29    8.06    8.06    1.61   11.29   27.42
1985  9    0.00   10.00   21.67    0.00    0.00    0.00   15.00    0.00    5.00    6.67   30.00   11.67
1985 10    6.45    6.45    4.84    3.23    0.00    8.06    4.84    3.23    8.06    8.06    9.68   37.10
1985 11   18.33    6.67   10.00   15.00    0.00    5.00    3.33    3.33    6.67    3.33    5.00   23.33
1985 12   11.29   16.13    4.84   19.35    1.61    1.61    4.84    0.00    1.61   14.52   24.19    0.00
1986  1    6.45    4.84    4.84   22.58    0.00    4.84    6.45    1.61    1.61   16.13   27.42    3.23
1986  2   12.50    8.93    0.00   26.79   25.00    1.79    0.00    0.00    0.00   25.00    0.00    0.00
1986  3    1.61    1.61    4.84   11.29   12.90    8.06    6.45    3.23    4.84    6.45   24.19   14.52
1986  4    3.33   15.00   13.33    0.00    0.00    5.00   18.33    3.33   11.67    0.00    3.33   26.67
1986  5    1.61    3.23   30.65    0.00    0.00    3.23    9.68    8.06    6.45    3.23   24.19    9.68
1986  6    6.67   10.00    5.00    3.33    0.00   10.00    3.33    5.00    6.67   31.67    3.33   15.00
1986  7   14.52   20.97   17.74    0.00    6.45    4.84    6.45    1.61    4.84    3.23    8.06   11.29
1986  8   22.58    8.06    3.23   11.29   17.74    8.06   12.90    0.00    0.00    0.00    4.84   11.29
1986  9   15.00   11.67   18.33    5.00   11.67    1.67    8.33   10.00   10.00    0.00    1.67    6.67
1986 10    3.23   16.13   14.52   12.90    3.23    1.61   16.13    6.45    8.06   12.90    0.00    4.84
1986 11    5.00   18.33   20.00   13.33    8.33    5.00    1.67   10.00    6.67    3.33    6.67    1.67
1986 12    0.00   11.29    4.84    1.61    4.84   12.90   14.52    0.00    1.61   11.29   29.03    8.06
1987  1    4.84   32.26    8.06    0.00    3.23    0.00    6.45    0.00    0.00   11.29   33.87    0.00
1987  2    7.14    7.14   14.29    1.79   23.21    7.14   12.50    3.57    7.14    1.79    7.14    7.14
1987  3   12.90    3.23    6.45    4.84    6.45    1.61    8.06    8.06    8.06   14.52   17.74    8.06
1987  4    1.67    1.67   16.67    0.00    1.67   10.00    3.33    5.00   23.33    0.00   18.33   18.33
1987  5    3.23    0.00    3.23    3.23    1.61    0.00   16.13    9.68    6.45    4.84    0.00   51.61
1987  6   11.67    5.00    5.00    0.00    0.00    0.00    5.00    6.67   41.67    3.33    1.67   20.00
1987  7    1.61    0.00    9.68    9.68   11.29    1.61   11.29    3.23   24.19    1.61   12.90   12.90
1987  8    0.00    0.00    0.00    0.00   11.29    1.61   20.97   12.90    8.06    3.23    1.61   40.32
1987  9    0.00   25.00   31.67    1.67    0.00    0.00    5.00    5.00   15.00   11.67    0.00    5.00
1987 10    0.00   22.58   14.52    0.00    0.00    1.61    9.68    6.45    8.06    3.23   25.81    8.06
1987 11    6.67   21.67    8.33    6.67    0.00    5.00    3.33    5.00    3.33   15.00   25.00    0.00
1987 12    0.00   20.97   16.13    1.61    0.00    4.84    4.84    4.84    9.68   14.52   19.35    3.23
1988  1    0.00    6.45   24.19    0.00   11.29    1.61    1.61    0.00   11.29    0.00   17.74   25.81
1988  2    8.62   15.52   17.24   27.59   17.24    0.00    3.45    0.00    0.00    3.45    6.90    0.00
1988  3    0.00    4.84   14.52    8.06   12.90    4.84    0.00    3.23    6.45   12.90   17.74   14.52
1988  4    5.00    1.67    5.00    0.00    8.33   11.67    0.00    0.00   10.00    0.00   40.00   18.33
1988  5    6.45   14.52   30.65    6.45    0.00    8.06    0.00    1.61   11.29    3.23    3.23   14.52
1988  6    0.00   11.67   25.00    1.67    0.00    8.33    1.67    5.00    1.67    0.00   23.33   21.67
1988  7    0.00    9.68    9.68    0.00   12.90    0.00   12.90   11.29   22.58    1.61    6.45   12.90
1988  8    4.84    6.45   16.13    1.61    0.00    1.61    9.68    6.45   19.35    3.23    0.00   30.65
1988  9    0.00   20.00   10.00    1.67    0.00    1.67   10.00   15.00    8.33    0.00   10.00   23.33
1988 10    4.84   66.13    9.68    0.00    0.00    0.00    3.23    9.68    1.61    3.23    0.00    1.61
1988 11   10.00    5.00   18.33   16.67    1.67    5.00    5.00    3.33    8.33    6.67   11.67    8.33
1988 12    0.00    6.45    3.23    6.45    4.84    1.61    9.68    6.45    8.06    8.06   25.81   19.35
1989  1   16.13    4.84    4.84   30.65    1.61   11.29    0.00    0.00    0.00   11.29   19.35    0.00
1989  2   14.29    0.00   12.50   10.71   10.71   12.50    3.57    0.00    0.00   12.50   23.21    0.00
1989  3    0.00    9.68    8.06    0.00    0.00    1.61    9.68    1.61   12.90    1.61   29.03   25.81
1989  4    0.00    0.00    5.00    5.00    1.67    5.00    5.00    6.67   21.67    1.67   13.33   35.00
1989  5   11.29    1.61    4.84    4.84    3.23   14.52    3.23    3.23    9.68    8.06    9.68   25.81
1989  6    6.67   10.00   18.33    5.00    0.00    1.67    6.67    3.33   10.00    6.67   10.00   21.67
1989  7   22.58    4.84    0.00    1.61    0.00    9.68   11.29    3.23    0.00   12.90   16.13   17.74
1989  8   16.13   11.29    1.61    3.23    3.23    4.84   25.81    0.00    0.00    9.68   14.52    9.68
1989  9    8.33    0.00    1.67   10.00   11.67    3.33   15.00    0.00    0.00    6.67   33.33   10.00
1989 10   11.29   33.87    8.06    9.68    0.00    0.00    9.68    0.00    3.23   20.97    0.00    3.23
1989 11   10.00    6.67    8.33    0.00   23.33    3.33   10.00    8.33   10.00    3.33    5.00   11.67
1989 12    1.61   22.58    9.68    0.00    0.00    8.06    8.06   14.52    4.84    1.61   24.19    4.84
1990  1    4.84   19.35    9.68    6.45    1.61   14.52    6.45    1.61    4.84    9.68   12.90    8.06
1990  2    7.14    0.00   10.71    3.57    3.57    7.14    5.36    0.00    8.93    0.00   42.86   10.71
1990  3    0.00    4.84    4.84   12.90    3.23   22.58    3.23    0.00   14.52    8.06    9.68   16.13
1990  4    8.33    8.33   15.00    1.67    0.00    1.67    1.67   10.00    5.00    8.33    3.33   36.67
1990  5    3.23   25.81   20.97    0.00    0.00    0.00    1.61   12.90   14.52    6.45    0.00   14.52
1990  6    3.33   10.00   10.00    1.67   15.00    3.33    6.67    8.33    1.67   23.33   10.00    6.67
1990  7    8.06   12.90   14.52    0.00    6.45    1.61   12.90    1.61    4.84   14.52    9.68   12.90
1990  8   20.97   20.97    4.84    8.06    4.84    3.23    1.61    0.00    0.00   14.52    9.68   11.29
1990  9    0.00    3.33   15.00    0.00    1.67   10.00    8.33    0.00   11.67    6.67    1.67   41.67
1990 10    6.45   11.29   22.58    8.06    3.23    0.00   20.97    3.23    8.06    0.00   11.29    4.84
1990 11   20.00   10.00    8.33    0.00    3.33    0.00   11.67    0.00    1.67   18.33    1.67   25.00
1990 12    3.23   19.35   29.03    6.45    0.00    3.23    3.23    4.84    9.68   16.13    0.00    4.84
1991  1    0.00   27.42   16.13    8.06    1.61    4.84    6.45    4.84    3.23    3.23   11.29   12.90
1991  2   10.71    7.14   12.50    8.93   21.43    3.57    8.93    8.93    3.57    7.14    7.14    0.00
1991  3    1.61    3.23    4.84    8.06   17.74    3.23   14.52    1.61    0.00    8.06   37.10    0.00
1991  4    8.33   15.00   23.33    1.67    1.67   11.67   10.00   11.67    1.67    8.33    3.33    3.33
1991  5    0.00    0.00   17.74    0.00   22.58    1.61    3.23    3.23   33.87    0.00    3.23   14.52
1991  6    6.67   26.67   21.67    1.67    0.00    8.33    1.67    3.33   10.00    5.00    8.33    6.67
1991  7    1.61   30.65    8.06    4.84    1.61    4.84    1.61    0.00    3.23    6.45   22.58   14.52
1991  8    4.84   30.65   14.52    0.00    1.61    1.61   11.29   20.97    1.61    9.68    3.23    0.00
1991  9    3.33   33.33    6.67    5.00    5.00    1.67    3.33    5.00    0.00   31.67    0.00    5.00
1991 10    4.84   22.58   25.81    0.00    1.61    1.61   11.29    6.45    3.23    4.84    6.45   11.29
1991 11   15.00   23.33   26.67    0.00    5.00    5.00    3.33    6.67    8.33    5.00    0.00    1.67
1991 12   12.90   14.52    9.68    6.45    8.06    6.45    1.61    0.00    3.23   12.90   19.35    4.84
1992  1   12.90    1.61    1.61   11.29    3.23    6.45   17.74    0.00    4.84   16.13    9.68   14.52
1992  2    1.72   10.34   24.14    8.62    1.72   20.69    3.45    6.90    5.17    5.17    6.90    5.17
1992  3    1.61   17.74   24.19    4.84    0.00    8.06    1.61    6.45    9.68    0.00    3.23   22.58
1992  4    0.00    0.00    0.00    0.00    0.00   10.00    1.67    0.00   18.33    0.00   16.67   53.33
1992  5   16.13    6.45   22.58    1.61    8.06    9.68    0.00    3.23    9.68    6.45    4.84   11.29
1992  6    6.67   21.67    8.33    3.33    0.00    3.33    6.67    0.00    0.00   11.67   26.67   11.67
1992  7   11.29   19.35   16.13    3.23    0.00    0.00    1.61   12.90    6.45    0.00   16.13   12.90
1992  8   17.74   40.32   25.81    0.00    0.00    0.00    0.00    3.23    6.45    6.45    0.00    0.00
1992  9   26.67    8.33   15.00    5.00    6.67    0.00    6.67    1.67    0.00   30.00    0.00    0.00
1992 10   11.29    0.00    4.84    9.68   14.52    9.68    6.45    4.84    1.61    8.06    4.84   24.19
1992 11   10.00    3.33    8.33   11.67   11.67    5.00   13.33    5.00    3.33   11.67   13.33    3.33
1992 12   17.74    1.61    6.45   11.29    6.45    6.45    4.84    0.00    4.84   14.52   16.13    9.68
1993  1    6.45   14.52   33.87    0.00    4.84    3.23    3.23   17.74    9.68    1.61    0.00    4.84
1993  2    0.00    5.36   14.29   12.50   26.79   10.71    8.93    0.00    0.00    0.00   16.07    5.36
1993  3    6.45    1.61    9.68    6.45    1.61   12.90    6.45    0.00    6.45   12.90   19.35   16.13
1993  4    1.67    0.00   11.67    0.00    6.67    8.33   10.00   13.33   15.00    0.00   23.33   10.00
1993  5    1.61   12.90   11.29    0.00    4.84    1.61   12.90    4.84   17.74    3.23    6.45   22.58
1993  6    5.00   20.00   15.00    0.00    0.00    1.67    6.67   15.00   10.00    6.67    1.67   18.33
1993  7    0.00    0.00    0.00    0.00    0.00    4.84   11.29    4.84    6.45    0.00   14.52   58.06
1993  8    3.23    6.45   12.90    0.00    9.68    3.23    6.45    9.68    6.45    6.45    8.06   27.42
1993  9   13.33    3.33   16.67    5.00    3.33    5.00    3.33    5.00   13.33    5.00    0.00   26.67
1993 10    0.00    8.06   19.35    4.84    0.00    3.23   12.90    9.68   12.90    6.45    4.84   17.74
1993 11   11.67   20.00   13.33    3.33   10.00    5.00    3.33    1.67    1.67   18.33    5.00    6.67
1993 12    8.06    8.06    4.84   22.58    3.23    0.00    3.23    1.61    3.23   19.35    6.45   19.35
1994  1    3.23   17.74    3.23    1.61    9.68   19.35    6.45    8.06    1.61   16.13    9.68    3.23
1994  2    5.36    0.00    3.57   14.29    1.79    8.93    5.36    0.00    0.00    8.93   48.21    3.57
1994  3   12.90    8.06    8.06   12.90    1.61   14.52    0.00    0.00    4.84    8.06    3.23   25.81
1994  4    0.00   11.67   13.33    0.00    0.00    6.67    8.33    8.33    6.67    0.00   10.00   35.00
1994  5    3.23   43.55   12.90    1.61    4.84    0.00    3.23    1.61    3.23    1.61    6.45   17.74
1994  6    3.33   15.00   23.33    5.00   10.00    0.00    1.67    3.33    3.33   13.33   21.67    0.00
1994  7    0.00    1.61   25.81    4.84    0.00    6.45    9.68    9.68    9.68   14.52   12.90    4.84
1994  8    1.61    6.45   11.29    0.00    3.23    0.00   12.90   17.74   27.42    3.23    0.00   16.13
1994  9    1.67   46.67   36.67    0.00    0.00    0.00    3.33    0.00    3.33    6.67    0.00    1.67
1994 10    3.23   19.35   27.42    1.61    6.45    3.23    0.00    0.00    3.23   22.58    4.84    8.06
1994 11    0.00   25.00   23.33    0.00    0.00    3.33    6.67    6.67    6.67    5.00    1.67   21.67
1994 12    0.00    4.84   12.90    0.00    8.06   12.90    4.84    6.45   12.90    1.61   17.74   17.74
1995  1    6.45    0.00    1.61    1.61    0.00    9.68    9.68    0.00    1.61    1.61   40.32   27.42
1995  2    7.14   10.71   12.50    1.79   12.50    3.57    5.36    0.00    5.36    5.36   26.79    8.93
1995  3    3.23   12.90   11.29    9.68    0.00   19.35    4.84   12.90    0.00   12.90    8.06    4.84
1995  4    0.00    6.67    5.00   10.00   10.00    6.67   21.67    0.00    0.00   10.00   25.00    5.00
1995  5    3.23    3.23    4.84    0.00    0.00   12.90   12.90    1.61   16.13    6.45   12.90   25.81
1995  6   23.33   10.00   28.33    0.00    0.00    0.00    0.00    0.00   26.67   11.67    0.00    0.00
1995  7   12.90   29.03   33.87    0.00    0.00    1.61    0.00    0.00    0.00   17.74    0.00    4.84
1995  8    0.00    1.61   12.90   12.90    1.61    0.00    4.84   16.13   17.74    1.61    8.06   22.58
1995  9    0.00    5.00    6.67   10.00    0.00    0.00   10.00    8.33    8.33    5.00    8.33   38.33
1995 10    3.23   19.35    9.68    6.45    0.00    1.61    4.84    8.06   16.13    9.68   14.52    6.45
1995 11    0.00   10.00   23.33    5.00    0.00   15.00   10.00    6.67    5.00    5.00   10.00   10.00
1995 12   12.90    4.84    4.84   12.90    3.23    4.84   17.74    9.68    4.84   14.52    3.23    6.45
1996  1   16.13    0.00    0.00    8.06   17.74    0.00    9.68    0.00    0.00    4.84   40.32    3.23
1996  2    1.72   12.07    1.72   15.52   20.69   12.07    5.17    1.72    1.72   15.52    8.62    3.45
1996  3   12.90   17.74    4.84    0.00   12.90   12.90    0.00    0.00    0.00   11.29   19.35    8.06
1996  4    0.00   15.00    8.33    1.67    5.00    1.67   21.67    1.67    1.67    6.67   30.00    6.67
1996  5    0.00   12.90   20.97    1.61    0.00    4.84    0.00   11.29   16.13    1.61   11.29   19.35
1996  6    0.00   18.33   16.67    5.00    0.00    3.33   13.33    5.00    8.33    3.33   11.67   15.00
1996  7   17.74   12.90    8.06   12.90    1.61    6.45    0.00    0.00    1.61   14.52   22.58    1.61
1996  8    8.06   38.71   20.97    3.23    0.00    0.00    4.84    3.23    6.45    9.68    0.00    4.84
1996  9    0.00   18.33    3.33    8.33    0.00    0.00   11.67   11.67    0.00   18.33   21.67    6.67
1996 10    0.00   16.13   11.29    0.00    1.61    1.61   11.29    9.68    4.84    6.45    8.06   29.03
1996 11   10.00   38.33   28.33    0.00    3.33    3.33    0.00    0.00    0.00    5.00   11.67    0.00
1996 12   16.13   19.35    6.45    8.06    3.23    4.84    3.23    3.23    6.45    6.45   19.35    3.23
1997  1    3.23    3.23   12.90   11.29    4.84    9.68    0.00    1.61    9.68    1.61   38.71    3.23
1997  2   26.79   17.86    5.36    3.57    7.14    7.14    0.00    0.00    1.79    3.57   23.21    3.57
1997  3   14.52    9.68   11.29    8.06   17.74    8.06    0.00    0.00    6.45    8.06   16.13    0.00
1997  4    5.00   10.00   13.33    0.00    1.67    6.67    6.67   13.33   23.33    5.00    5.00   10.00
1997  5    6.45    3.23    9.68    3.23    3.23    0.00   12.90    1.61    3.23    0.00   37.10   19.35
1997  6    8.33    0.00   10.00    3.33    0.00    1.67    8.33    0.00   16.67    0.00   10.00   41.67
1997  7    1.61    8.06   20.97    0.00    8.06    6.45   16.13    4.84    8.06    3.23    1.61   20.97
1997  8    8.06   12.90    6.45    1.61   14.52    3.23    6.45   14.52    4.84    4.84   14.52    8.06
1997  9    8.33    6.67    6.67    6.67    0.00    8.33    8.33    1.67   16.67    1.67    8.33   26.67
1997 10    1.61   25.81   25.81    0.00    0.00    0.00    1.61   12.90   16.13    0.00    6.45    9.68
1997 11    0.00   25.00   33.33    0.00    0.00    0.00    1.67   11.67   16.67    1.67    0.00   10.00
1997 12    0.00    9.68   14.52    0.00    1.61    9.68   12.90   19.35    4.84    3.23   12.90   11.29
1998  1    3.23    3.23   17.74    0.00    0.00    4.84   16.13    4.84   14.52    1.61   19.35   14.52
1998  2    0.00    3.57    5.36    0.00    0.00    0.00   21.43    8.93    8.93    3.57   16.07   32.14
1998  3    0.00    6.45   14.52    4.84    0.00    1.61   16.13    8.06    3.23    4.84   17.74   22.58
1998  4    0.00    1.67    3.33    0.00    0.00    5.00   20.00   13.33   11.67    0.00   21.67   23.33
1998  5   12.90    8.06    9.68    0.00    0.00    4.84    9.68    1.61   17.74   11.29    8.06   16.13
1998  6    0.00    5.00   16.67    3.33    1.67    5.00   15.00    3.33   13.33    3.33   16.67   16.67
1998  7    3.23   11.29    4.84    3.23    0.00    1.61   25.81    4.84   11.29    6.45   11.29   16.13
1998  8    1.61    3.23   17.74    1.61    1.61    6.45    6.45    0.00   14.52    1.61   12.90   32.26
1998  9    0.00    5.00    1.67    0.00    1.67    1.67   11.67   18.33   21.67    6.67    1.67   30.00
1998 10    0.00   30.65   20.97    8.06    3.23    0.00   12.90   12.90    3.23    6.45    0.00    1.61
1998 11   13.33    1.67   11.67   23.33    0.00   10.00    1.67    0.00    5.00    3.33   18.33   11.67
1998 12    0.00    6.45   11.29   14.52    8.06    1.61    1.61    3.23    6.45   25.81   17.74    3.23
1999  1    4.84    0.00    9.68   22.58   20.97    9.68    3.23    0.00    0.00    4.84   24.19    0.00
1999  2    3.57    3.57    1.79   19.64    5.36    1.79    0.00    0.00    5.36    5.36   51.79    1.79
1999  3    0.00    0.00    3.23    8.06   11.29    3.23   20.97    0.00    6.45    0.00   35.48   11.29
1999  4    1.67    6.67   10.00   21.67    6.67    0.00    6.67    5.00    0.00    3.33   23.33   15.00
1999  5    1.61    0.00    0.00    0.00    9.68    0.00   11.29   17.74   12.90    1.61    3.23   41.94
1999  6    1.67   18.33   11.67    3.33    0.00   31.67    0.00    0.00   10.00    6.67    0.00   16.67
1999  7    3.23   16.13    4.84    6.45   12.90    8.06    1.61    8.06   16.13    4.84    0.00   17.74
1999  8    0.00    4.84   12.90    0.00    0.00    3.23   16.13    3.23   12.90    4.84    4.84   37.10
1999  9    0.00    3.33    5.00   11.67    6.67    1.67   10.00    0.00    5.00   11.67    3.33   41.67
1999 10    0.00    4.84   12.90    0.00    0.00    9.68   17.74    8.06    6.45    1.61   12.90   25.81
1999 11   15.00    8.33   15.00    6.67    3.33    1.67   20.00    3.33    0.00   10.00   13.33    3.33
1999 12    8.06    4.84    8.06   11.29    1.61    8.06    4.84    3.23   14.52   12.90   16.13    6.45
2000  1   25.81    3.23    3.23    8.06   17.74    4.84    0.00    0.00    0.00   22.58   14.52    0.00
2000  2    1.72    1.72    3.45    6.90   10.34   10.34    8.62    3.45   12.07    1.72   12.07   27.59
2000  3    4.84    3.23    0.00    0.00   16.13   14.52    6.45    3.23    1.61    0.00   29.03   20.97
2000  4    3.33    6.67    6.67    5.00    3.33    1.67    8.33    3.33   18.33    6.67   11.67   25.00
2000  5    1.61    1.61    1.61    4.84    0.00    0.00    8.06    9.68   11.29   14.52   11.29   35.48
2000  6   11.67   13.33    6.67    3.33    0.00    0.00   13.33    6.67   20.00    5.00   11.67    8.33
2000  7    0.00    4.84    6.45   22.58    3.23    0.00    1.61    9.68    9.68    8.06   33.87    0.00
2000  8   17.74    6.45    6.45    6.45    0.00    9.68    6.45    3.23    3.23   17.74    1.61   20.97
2000  9    8.33   11.67    5.00    0.00    5.00    3.33    1.67   20.00    8.33   23.33    0.00   13.33
2000 10    1.61   12.90   12.90    0.00    1.61    0.00   11.29    9.68   17.74    9.68   14.52    8.06
2000 11   18.33   18.33   21.67    8.33    0.00   10.00    0.00    0.00    8.33    0.00   15.00    0.00
2000 12    6.45   30.65    8.06   11.29    8.06    0.00    3.23    0.00    1.61    9.68   17.74    3.23
2001  1    4.84    3.23   30.65    9.68    9.68   12.90    3.23    3.23    3.23    0.00   16.13    3.23
2001  2   12.50    0.00    7.14    8.93   10.71   23.21    3.57    0.00    7.14    7.14   14.29    5.36
2001  3    0.00    4.84    3.23    3.23    6.45    0.00   14.52    3.23    1.61    0.00   51.61   11.29
2001  4    3.33    1.67   10.00    0.00    0.00    5.00    5.00    0.00    6.67    5.00   35.00   28.33
2001  5    9.68   12.90   25.81   19.35    1.61    0.00    3.23    3.23    3.23    6.45   14.52    0.00
2001  6    3.33    6.67   10.00    5.00    0.00    3.33    3.33   15.00   16.67    3.33    1.67   31.67
2001  7    9.68    3.23    4.84    0.00    4.84   17.74    1.61    1.61   17.74    6.45   24.19    8.06
2001  8    6.45   12.90    8.06   12.90    1.61    0.00    6.45    3.23   14.52   25.81    4.84    3.23
2001  9    0.00    0.00    0.00    3.33    0.00    1.67   16.67    1.67   16.67    0.00   21.67   38.33
2001 10   22.58   22.58    1.61    1.61    8.06    1.61    8.06    0.00    0.00   20.97    6.45    6.45
2001 11    8.33   13.33   13.33   10.00    0.00    3.33   13.33    3.33    3.33    5.00   21.67    5.00
2001 12   16.13   30.65    1.61    4.84   17.74    0.00    9.68    0.00    1.61   12.90    3.23    1.61
2002  1   20.97   14.52    4.84    4.84    1.61    9.68    0.00    0.00    0.00   12.90   27.42    3.23
2002  2   17.86    1.79    1.79   14.29   10.71   12.50    8.93    1.79    1.79    7.14   19.64    1.79
2002  3    3.23   25.81   16.13    9.68    8.06   11.29    1.61    6.45    1.61    3.23    9.68    3.23
2002  4    0.00    5.00   16.67    3.33    0.00    6.67    5.00    3.33    3.33    0.00   18.33   38.33
2002  5    1.61    4.84   41.94    3.23    4.84   12.90    3.23    3.23   11.29    6.45    6.45    0.00
2002  6    6.67   33.33   30.00    5.00    0.00    1.67    3.33    6.67    5.00    6.67    1.67    0.00
2002  7   11.29   24.19    4.84    8.06    9.68    0.00    3.23    1.61    6.45    1.61   16.13   12.90
2002  8    4.84    4.84   24.19    3.23    3.23    6.45    8.06    6.45    6.45   12.90    3.23   16.13
2002  9    0.00   26.67   20.00    0.00    0.00    0.00    8.33   21.67   11.67    1.67    0.00   10.00
2002 10    1.61   30.65   25.81    0.00    0.00    4.84    0.00    1.61    9.68    8.06    8.06    9.68
2002 11    6.67   15.00   23.33    1.67   10.00    3.33    6.67    6.67    1.67    0.00   13.33   11.67
2002 12    1.61   25.81    6.45    1.61    0.00    0.00    1.61    4.84    9.68    8.06   25.81   14.52
2003  1    0.00    3.23   20.97   17.74    8.06   17.74    4.84   11.29    4.84    0.00    9.68    1.61
2003  2    1.79    7.14    3.57    3.57    7.14   16.07    7.14    0.00    1.79    1.79   21.43   28.57
2003  3   11.29    4.84    0.00   11.29   11.29    3.23    0.00    0.00    0.00    9.68   48.39    0.00
2003  4   13.33    0.00    0.00   13.33   11.67   16.67    3.33    0.00   10.00    0.00   13.33   18.33
2003  5    1.61    6.45   16.13    0.00    1.61   11.29    6.45    8.06   14.52    3.23   11.29   19.35
2003  6    1.67   18.33    3.33    0.00    5.00    3.33   18.33   10.00   13.33   10.00    3.33   13.33
2003  7    4.84    3.23   12.90   12.90    0.00    1.61   16.13    3.23   12.90    0.00    4.84   27.42
2003  8    4.84    3.23    0.00   11.29   20.97    0.00   27.42    6.45    0.00    6.45   14.52    4.84
2003  9   13.33   58.33    8.33    5.00    0.00    0.00    1.67    3.33    0.00   10.00    0.00    0.00
2003 10    4.84   12.90    6.45    6.45    4.84    6.45   17.74    0.00    1.61   11.29    4.84   22.58
2003 11    8.33   16.67   23.33    0.00    0.00    1.67    1.67   11.67   13.33    0.00    0.00   23.33
2003 12    0.00   20.97   11.29    4.84    8.06    9.68    9.68    4.84    4.84    6.45    4.84   14.52
2004  1    3.23    8.06    1.61    8.06   12.90    3.23   14.52    6.45    0.00    9.68   27.42    4.84
2004  2    6.90   37.93   15.52    6.90    0.00    3.45    1.72    6.90    5.17   10.34    3.45    1.72
2004  3    9.68   11.29   17.74    0.00    4.84   11.29    9.68    0.00    0.00    6.45   11.29   17.74
2004  4    3.33    0.00   10.00    1.67    1.67    3.33    5.00    3.33    6.67    0.00   38.33   26.67
2004  5   12.90   12.90    9.68    6.45    8.06    4.84    6.45    4.84    1.61    8.06   20.97    3.23
2004  6    5.00   15.00   10.00    1.67    0.00    0.00    5.00   13.33   18.33    3.33    6.67   21.67
2004  7    3.23    9.68    8.06    0.00    4.84    9.68   12.90    8.06    4.84    3.23   14.52   20.97
2004  8   17.74   29.03    9.68    0.00    0.00    9.68    6.45    0.00    1.61    9.68    9.68    6.45
2004  9    0.00   15.00   35.00    0.00    0.00    0.00   13.33   11.67   10.00    1.67    0.00   13.33
2004 10    9.68   12.90   24.19    0.00    0.00    1.61    6.45    3.23    6.45    3.23    6.45   25.81
2004 11    6.67   13.33   11.67    3.33    0.00    5.00    6.67    5.00   10.00    8.33   10.00   20.00
2004 12    1.61   33.87   33.87    4.84    3.23    0.00    0.00    0.00    6.45   12.90    0.00    3.23
2005  1    8.06    8.06    8.06    3.23    6.45    8.06    9.68    1.61    1.61    9.68   19.35   16.13
2005  2   10.71   10.71    5.36   16.07    7.14   12.50    7.14    1.79    0.00    8.93   14.29    5.36
2005  3    0.00    6.45    8.06   11.29    6.45    3.23    6.45   11.29    6.45    4.84   25.81    9.68
2005  4    0.00    0.00    3.33    0.00    3.33    6.67    3.33   11.67   23.33    0.00   23.33   25.00
2005  5    4.84   14.52    8.06    9.68    1.61    0.00    4.84   12.90    9.68    3.23   24.19    6.45
2005  6    0.00    6.67   20.00    0.00    0.00    6.67    5.00    0.00   20.00    8.33   16.67   16.67
2005  7    6.45    4.84   16.13    0.00    4.84    0.00   17.74   12.90   12.90    4.84    8.06   11.29
2005  8    0.00    1.61    8.06    3.23    3.23    1.61   19.35    4.84    4.84   14.52    0.00   38.71
2005  9    1.67   11.67    6.67    6.67    0.00    0.00   10.00    1.67   20.00    8.33   16.67   16.67
2005 10    8.06   20.97    3.23    0.00    0.00    9.68    8.06    0.00    0.00    4.84   16.13   29.03
2005 11    8.33   15.00   20.00    0.00    3.33   15.00    0.00    3.33   13.33    3.33   11.67    6.67
2005 12    6.45   32.26    9.68   19.35    0.00    0.00    6.45    1.61    3.23   12.90    0.00    8.06
2006  1    8.06   11.29   19.35    6.45    6.45    4.84    4.84    1.61   12.90    3.23   11.29    9.68
2006  2   12.50    0.00    7.14    5.36   10.71    8.93   12.50    1.79    5.36    8.93   14.29   12.50
2006  3    3.23    8.06   14.52    6.45    4.84    9.68    9.68    3.23    9.68    1.61   27.42    1.61
2006  4    6.67   25.00    5.00   11.67    5.00    0.00   25.00    1.67    0.00    8.33    6.67    5.00
2006  5   11.29   11.29   14.52    0.00    0.00    1.61    9.68    0.00    3.23   14.52   22.58   11.29
2006  6    1.67    8.33   16.67    3.33    0.00   11.67    0.00    1.67   15.00    1.67   23.33   16.67
2006  7    6.45    9.68    6.45    3.23    6.45    1.61    6.45   11.29   16.13    0.00   14.52   17.74
2006  8   12.90    8.06   16.13    3.23    0.00    1.61    4.84   11.29   12.90    3.23    6.45   19.35
2006  9    1.67    0.00    1.67    5.00    0.00    6.67   20.00   18.33   20.00    0.00    3.33   23.33
2006 10    6.45    9.68   14.52    4.84    6.45    3.23    3.23    9.68   27.42    3.23    0.00   11.29
2006 11    0.00   23.33   26.67    0.00    0.00    0.00    6.67    8.33   11.67    5.00    5.00   13.33
2006 12    6.45    4.84   11.29    1.61    4.84   17.74   14.52    6.45    9.68    8.06    3.23   11.29
2007  1    6.45    4.84    6.45   19.35    0.00   11.29    1.61    9.68    6.45   14.52    3.23   16.13
2007  2    0.00    0.00    0.00   10.71    8.93   28.57    1.79    1.79    5.36    0.00   17.86   25.00
2007  3    0.00   12.90   11.29   16.13    1.61    0.00    3.23    0.00    4.84    6.45   32.26   11.29
2007  4    3.33    0.00   20.00    3.33    8.33   13.33    0.00    1.67    6.67    1.67   15.00   26.67
2007  5    6.45    0.00    8.06    0.00    1.61    0.00   16.13   11.29   24.19    0.00    4.84   27.42
2007  6   20.00    5.00   26.67    1.67    5.00    5.00    0.00    0.00   10.00    6.67   16.67    3.33
2007  7    4.84   14.52    0.00   16.13   12.90    6.45    1.61    0.00   16.13    6.45   19.35    1.61
2007  8    1.61   16.13   14.52    0.00    1.61    0.00    3.23   12.90   19.35    6.45    9.68   14.52
2007  9   13.33    1.67    6.67   13.33    1.67    6.67   13.33   10.00    6.67    3.33    3.33   20.00
2007 10    0.00   27.42   29.03    6.45    0.00    4.84    0.00   11.29    0.00    3.23    1.61   16.13
2007 11    8.33    8.33   20.00    0.00    8.33   11.67    3.33    1.67    8.33    0.00   16.67   13.33
2007 12    3.23    4.84    4.84    0.00    0.00   16.13   16.13    1.61    0.00    4.84   46.77    1.61
2008  1    8.06    3.23    3.23    4.84   11.29   19.35    6.45    1.61    1.61    6.45   30.65    3.23
2008  2    3.45   10.34    6.90   10.34   10.34    3.45    3.45    0.00    3.45   20.69   25.86    1.72
2008  3    1.61    1.61    3.23    4.84    6.45   16.13   11.29    0.00    4.84    1.61   25.81   22.58
2008  4    1.67    1.67   15.00    6.67    0.00   15.00   13.33    0.00    3.33    8.33   30.00    5.00
2008  5   25.81    0.00    6.45    4.84   12.90    3.23    8.06    0.00    4.84    6.45    9.68   17.74
2008  6    3.33   18.33   10.00    3.33    3.33    3.33    6.67    1.67   13.33    1.67   10.00   25.00
2008  7    9.68   20.97    8.06    8.06    0.00    3.23    6.45    4.84    3.23    8.06    4.84   22.58
2008  8    4.84   22.58   17.74    4.84    8.06    0.00    1.61    6.45   14.52    6.45    0.00   12.90
2008  9    1.67   15.00    6.67    1.67    0.00    0.00   11.67   16.67    6.67    8.33    6.67   25.00
2008 10    3.23    6.45   12.90    0.00    0.00    4.84    3.23   17.74   37.10    0.00    0.00   14.52
2008 11    1.67   11.67   20.00    6.67    5.00    5.00   10.00    0.00    8.33   13.33   10.00    8.33
2008 12   14.52   17.74    4.84    1.61    8.06    8.06    4.84    3.23    0.00   24.19    9.68    3.23
2009  1    4.84   12.90    8.06    1.61   20.97    4.84   11.29    0.00   11.29    8.06    8.06    8.06
2009  2   10.71    5.36   10.71   21.43    0.00   23.21    0.00    1.79    0.00    5.36   21.43    0.00
2009  3    0.00    4.84   20.97    3.23    6.45    8.06    8.06    0.00    3.23    8.06   22.58   14.52
2009  4    3.33    3.33    5.00    8.33    0.00   11.67   26.67    0.00    1.67    0.00   16.67   23.33
2009  5    9.68   32.26   11.29    0.00    9.68   14.52    0.00    0.00    3.23    0.00   16.13    3.23
2009  6    8.33    3.33   15.00    1.67    3.33    6.67   16.67    0.00    6.67    1.67    1.67   35.00
2009  7   17.74   11.29   19.35    3.23    3.23    8.06    3.23   14.52    3.23    8.06    0.00    8.06
2009  8    3.23   14.52    3.23    1.61    3.23    3.23   12.90   19.35    0.00    8.06   22.58    8.06
2009  9    3.33   16.67    1.67    0.00    0.00    0.00   11.67    1.67   11.67   15.00   21.67   16.67
2009 10    4.84   17.74   27.42    0.00    4.84    6.45    4.84    3.23    6.45    6.45    3.23   14.52
2009 11    1.67   18.33   43.33    1.67    0.00    0.00    1.67   10.00   13.33    0.00    0.00   10.00
2009 12    0.00    9.68   12.90    3.23    0.00    6.45    9.68   17.74    6.45    4.84    6.45   22.58
2010  1   14.52    4.84    9.68   11.29   14.52    0.00    1.61    6.45    3.23   11.29   17.74    4.84
2010  2    1.79    1.79    7.14    3.57    0.00    7.14   10.71    1.79   10.71    1.79   23.21   30.36
2010  3    1.61    8.06   12.90    0.00    9.68    3.23    4.84    8.06   25.81    1.61   16.13    8.06
2010  4    6.67    3.33   10.00    1.67    1.67    1.67   15.00    8.33   23.33    1.67   20.00    6.67
2010  5   17.74    0.00    0.00   12.90    4.84    1.61    4.84    0.00    1.61   11.29   33.87   11.29
2010  6    3.33   16.67   15.00    3.33    0.00    0.00   11.67    1.67   10.00    6.67   16.67   15.00
2010  7    1.61    0.00    3.23    0.00   14.52    4.84    6.45    0.00   16.13    6.45   20.97   25.81
2010  8    8.06    6.45    8.06   12.90    9.68    0.00    3.23    6.45    3.23   32.26    1.61    8.06
2010  9    0.00   23.33   25.00    0.00    0.00    0.00   15.00   15.00    6.67    5.00    3.33    6.67
2010 10    0.00    4.84   12.90    0.00    4.84    0.00    8.06    3.23    6.45    4.84   20.97   33.87
2010 11    0.00    0.00    3.33    0.00    1.67   10.00   18.33    0.00    6.67    0.00   23.33   36.67
2010 12    1.61   11.29    6.45    3.23    0.00   17.74    8.06    6.45    6.45   17.74   14.52    6.45
2011  1    9.68    4.84    8.06   11.29    6.45   16.13   12.90    1.61    1.61   11.29   16.13    0.00
2011  2   14.29    5.36    5.36    0.00    3.57    1.79   10.71    8.93    8.93    7.14   28.57    5.36
2011  3    4.84    1.61    6.45   11.29    0.00    8.06    8.06    6.45    3.23    8.06   24.19   17.74
2011  4    3.33    1.67   15.00    8.33    0.00    3.33   18.33    1.67    5.00    1.67   21.67   20.00
2011  5    4.84   12.90    9.68   12.90    0.00    0.00    6.45    0.00   17.74   19.35    4.84   11.29
2011  6    5.00    8.33   20.00    5.00    0.00    8.33    6.67    3.33    8.33   18.33   10.00    6.67
2011  7    6.45   27.42   11.29    6.45    1.61    1.61    0.00    1.61   16.13    3.23    9.68   14.52
2011  8    9.68    0.00   16.13    0.00    4.84   11.29    4.84    8.06    1.61    0.00    9.68   33.87
2011  9    0.00    8.33   21.67    1.67    1.67    5.00   18.33    6.67   18.33    6.67    0.00   11.67
2011 10    6.45    0.00   11.29   11.29    3.23    3.23   22.58   11.29   12.90    0.00    8.06    9.68
2011 11    0.00   10.00   35.00    1.67    8.33    0.00    5.00   20.00    8.33    1.67    3.33    6.67
2011 12   12.90    0.00    1.61   25.81    1.61    9.68    9.68    0.00    0.00    4.84   33.87    0.00
2012  1    6.45    9.68   25.81    1.61    8.06   11.29    3.23    4.84    1.61    9.68    0.00   17.74
2012  2    8.62    1.72    1.72   29.31    0.00    6.90    8.62    1.72    3.45    3.45   27.59    6.90
2012  3    3.23    9.68    9.68    4.84    0.00    4.84    3.23    0.00    1.61    9.68   38.71   14.52
2012  4    0.00    3.33    8.33    1.67   16.67    3.33    6.67    3.33    3.33    3.33   16.67   33.33
2012  5    0.00    8.06   17.74    6.45    4.84    1.61    6.45    1.61    9.68    6.45    9.68   27.42
2012  6    6.67   13.33   18.33    0.00    0.00   15.00    3.33   15.00    1.67    8.33    5.00   13.33
2012  7    6.45    0.00    1.61   12.90    8.06    4.84    8.06    3.23    4.84    0.00   25.81   24.19
2012  8    3.23    4.84    1.61   16.13    0.00    0.00   33.87    4.84    1.61   14.52    6.45   12.90
2012  9    0.00   18.33   11.67    0.00    3.33    0.00   20.00    8.33    5.00    6.67   18.33    8.33
2012 10    3.23   22.58   48.39    0.00    1.61    4.84    0.00    6.45    4.84    6.45    0.00    1.61
2012 11    1.67   20.00   16.67    0.00    6.67   10.00    5.00    5.00   15.00    0.00    8.33   11.67
2012 12    0.00   14.52   12.90    0.00    6.45    4.84   11.29    4.84    4.84    9.68   12.90   17.74
2013  1    8.06   29.03   11.29    0.00    8.06    1.61    4.84    3.23    0.00    1.61   29.03    3.23
2013  2    1.79    0.00    1.79   10.71    1.79   12.50    1.79    0.00   12.50    1.79   39.29   16.07
2013  3    1.61    4.84   11.29    9.68    8.06    8.06    4.84    0.00    1.61    6.45   25.81   17.74
2013  4    3.33   10.00    5.00   16.67    1.67    3.33    5.00    5.00    3.33   15.00   10.00   21.67
2013  5   12.90    9.68   11.29    3.23    6.45    8.06    1.61    1.61   11.29    8.06    1.61   24.19
2013  6   20.00    1.67    0.00    8.33    5.00   11.67    6.67    1.67   13.33    5.00   10.00   16.67
2013  7    0.00    3.23    8.06    0.00    0.00    3.23    4.84   11.29   12.90    1.61    8.06   46.77
2013  8    3.23   19.35    4.84    9.68    6.45    1.61   16.13   11.29    1.61   16.13    8.06    1.61
2013  9    0.00   25.00   13.33    1.67    1.67   15.00    1.67   13.33    5.00   10.00    6.67    6.67
2013 10    6.45   27.42   11.29    1.61    0.00    0.00    3.23   27.42    8.06    4.84    0.00    9.68
2013 11   10.00    6.67    8.33   15.00    8.33    6.67   13.33    0.00    1.67    1.67   28.33    0.00
2013 12    0.00   12.90    6.45   12.90   12.90    6.45    6.45    1.61    8.06   27.42    4.84    0.00
2014  1    8.06   20.97   27.42    0.00   11.29    1.61    4.84    1.61   14.52    3.23    4.84    1.61
2014  2    5.36   14.29    5.36   17.86   16.07    8.93    7.14    0.00    0.00    3.57   21.43    0.00
2014  3    4.84    0.00    6.45    1.61    3.23    3.23    9.68    1.61    4.84    1.61   30.65   32.26
2014  4    3.33    6.67    3.33   15.00    3.33    0.00   10.00    1.67    3.33    5.00   38.33   10.00
2014  5    1.61    9.68   16.13    3.23    0.00    1.61    3.23    9.68   17.74    8.06    0.00   29.03
2014  6    0.00   10.00   10.00    0.00    0.00    0.00    6.67    6.67    3.33    8.33   38.33   16.67
2014  7    9.68    3.23   25.81    6.45    6.45    4.84   11.29    8.06    6.45    6.45    8.06    3.23
2014  8    1.61    0.00   17.74    3.23    0.00    3.23    1.61   14.52   12.90    0.00   19.35   25.81
2014  9    5.00   18.33   18.33    6.67   11.67    3.33   10.00    3.33   11.67    3.33    1.67    6.67
2014 10    0.00   17.74   22.58    0.00    4.84    3.23    4.84    4.84   14.52    3.23    1.61   22.58
2014 11    0.00   20.00   35.00    0.00    0.00    0.00    0.00   16.67    5.00    0.00    6.67   16.67
2014 12    6.45    1.61    6.45    9.68    3.23    4.84   17.74    3.23    1.61    8.06   19.35   17.74
2015  1    1.61    9.68    1.61   17.74    4.84   12.90    4.84    1.61    0.00    4.84   22.58   17.74
2015  2    0.00    7.14   10.71    8.93    3.57    0.00    0.00    0.00    8.93    5.36   50.00    5.36
2015  3    6.45    6.45    6.45    3.23   16.13    3.23   17.74    4.84    3.23    6.45   24.19    1.61
2015  4    0.00   10.00   16.67    1.67    0.00    0.00   11.67    0.00    8.33    3.33   18.33   30.00
2015  5    1.61   22.58   19.35    0.00    0.00    0.00   12.90    8.06   14.52    3.23    1.61   16.13
2015  6    0.00    6.67   18.33    0.00    0.00    3.33    3.33   13.33   30.00    6.67    5.00   13.33
2015  7    0.00   12.90   17.74    0.00    0.00    4.84   16.13    9.68    9.68    1.61    4.84   22.58
2015  8    1.61    4.84    3.23    4.84    9.68    0.00   20.97    9.68    6.45    8.06    4.84   25.81
2015  9    0.00   10.00   13.33    6.67   11.67    3.33    0.00   11.67   15.00    1.67   11.67   15.00
2015 10    0.00    1.61   14.52    0.00    0.00    0.00    0.00   11.29   62.90    0.00    0.00    9.68
2015 11    0.00   10.00   23.33    0.00    3.33   11.67    6.67   21.67    1.67    5.00   11.67    5.00
2015 12   16.13    4.84   17.74    3.23    4.84    9.68    8.06    4.84   16.13    1.61    8.06    4.84
2016  1    3.23    3.23    9.68   29.03    0.00   17.74   12.90    3.23    4.84    1.61   11.29    3.23
2016  2   10.34    3.45    1.72   17.24   10.34    5.17    5.17    6.90    5.17    6.90   13.79   13.79
2016  3    0.00    1.61    0.00    6.45    0.00    4.84   12.90    3.23    4.84    3.23   33.87   29.03
2016  4    0.00    0.00    5.00    0.00    1.67    6.67   16.67    6.67   10.00    0.00   10.00   43.33
2016  5    1.61   43.55   14.52    0.00    0.00    1.61    6.45    9.68    0.00    4.84    6.45   11.29
2016  6    0.00   21.67    5.00    1.67    5.00    5.00    8.33    0.00    8.33    6.67    8.33   30.00
2016  7    0.00   25.81   24.19    6.45    6.45    0.00    3.23    8.06    8.06    4.84    6.45    6.45
2016  8    9.68    9.68    8.06    0.00    3.23    3.23   19.35    6.45    1.61    3.23   14.52   20.97
2016  9    5.00    1.67    1.67   23.33    6.67    1.67    8.33   15.00    8.33    8.33    0.00   20.00
2016 10    0.00   19.35   20.97    4.84    0.00    1.61    4.84   17.74    1.61   16.13    3.23    9.68
2016 11    3.33   38.33   21.67    1.67    0.00    3.33    0.00    3.33    8.33   18.33    0.00    1.67
2016 12    9.68    6.45   22.58    0.00    3.23    4.84   11.29    8.06   12.90   14.52    1.61    4.84
2017  1    6.45   30.65   32.26    1.61    0.00    1.61    1.61    9.68    6.45    6.45    0.00    3.23
2017  2    3.57   14.29    3.57    0.00    7.14    8.93    5.36   10.71    1.79    1.79   33.93    8.93
2017  3    6.45    0.00    4.84   22.58    4.84    4.84    4.84    0.00   20.97    0.00   14.52   16.13
2017  4    1.67    6.67    5.00    8.33    8.33    3.33   11.67    0.00    6.67    6.67   21.67   20.00
2017  5    1.61    0.00    9.68    1.61    1.61    6.45   20.97    4.84   11.29    0.00    9.68   32.26
2017  6    3.33    5.00    1.67    0.00   10.00    0.00   13.33    5.00   16.67    1.67   28.33   15.00
2017  7    3.23   22.58    8.06    0.00    3.23    8.06   16.13    3.23    3.23   14.52    0.00   17.74
2017  8    9.68   22.58    1.61    8.06    1.61    0.00   24.19    0.00    0.00    8.06   14.52    9.68
2017  9    8.33   41.67   11.67    1.67    8.33    0.00    1.67    8.33    0.00   18.33    0.00    0.00
2017 10    0.00   11.29   19.35    4.84    0.00    0.00    1.61    4.84   22.58    3.23   17.74   14.52
2017 11    0.00    5.00   11.67    0.00    1.67   25.00    3.33    5.00    0.00    1.67   25.00   21.67
2017 12   11.29    6.45    4.84    6.45   22.58    6.45    8.06    4.84    0.00   11.29   11.29    6.45
2018  1    4.84    0.00    6.45   32.26    3.23    8.06   11.29    1.61    0.00    6.45   24.19    1.61
2018  2   23.21   14.29   12.50   16.07    1.79    5.36    0.00    1.79    3.57   14.29    7.14    0.00
2018  3    1.61    3.23    6.45    8.06   16.13    4.84   16.13    3.23    4.84    3.23   30.65    1.61
2018  4    5.00    5.00   33.33    6.67    3.33    3.33    3.33    6.67   15.00    6.67    1.67   10.00
2018  5    1.61   16.13   20.97    6.45    0.00    9.68    6.45    4.84    9.68    1.61    9.68   12.90
2018  6    8.33    5.00    6.67   10.00    0.00   11.67    6.67    8.33   10.00    1.67   15.00   16.67
2018  7    0.00   19.35   17.74    3.23    1.61    0.00    8.06   11.29    6.45    9.68    6.45   16.13
2018  8    4.84   29.03    4.84    0.00    1.61    0.00   17.74    1.61    3.23   19.35   11.29    6.45
2018  9    5.00   10.00   18.33    0.00    8.33    3.33   10.00    0.00    8.33    1.67   15.00   20.00
2018 10    3.23    4.84   12.90    0.00    0.00    3.23    3.23    1.61   16.13    6.45    1.61   46.77
2018 11   20.00    6.67    6.67    6.67    3.33    0.00    0.00   10.00    5.00   16.67   16.67    8.33
2018 12    9.68    8.06    9.68    9.68    6.45    6.45    1.61    1.61    6.45    9.68   14.52   16.13
2019  1    4.84    4.84   29.03    0.00    6.45    8.06    8.06   14.52    9.68    1.61    9.68    3.23
2019  2   14.29    0.00    3.57    3.57    5.36   26.79    0.00    0.00    1.79   25.00   14.29    5.36
2019  3    0.00    0.00    0.00    0.00    0.00    0.00   27.42    3.23    1.61    1.61   38.71   27.42
2019  4    0.00    5.00    8.33    0.00    0.00   10.00    6.67   13.33    1.67    1.67   15.00   38.33
2019  5    0.00   11.29    6.45    0.00    0.00    0.00    9.68    6.45   22.58    4.84    9.68   29.03
2019  6    6.67   10.00   26.67    0.00    5.00    1.67    8.33    3.33   10.00    1.67    8.33   18.33
2019  7    0.00   19.35   11.29    0.00    8.06    1.61   16.13    9.68    3.23    9.68   12.90    8.06
2019  8    3.23   27.42   37.10    0.00    0.00    1.61    3.23    3.23   16.13    1.61    3.23    3.23
2019  9   15.00    8.33   30.00    5.00    0.00    1.67    0.00   11.67    5.00    3.33    0.00   20.00
2019 10    1.61    8.06   30.65    9.68    4.84    0.00   11.29   17.74    6.45    3.23    4.84    1.61
2019 11    3.33   30.00    3.33    0.00    3.33    5.00    1.67   18.33   13.33   15.00    1.67    5.00
2019 12    1.61   20.97    9.68    0.00   20.97    1.61    1.61   11.29    9.68   17.74    3.23    1.61
2020  1    0.00    8.06   17.74    0.00    9.68    1.61   14.52    6.45   12.90    1.61   19.35    8.06
2020  2    3.45   10.34    3.45   10.34    0.00   13.79    8.62    5.17    5.17   12.07   12.07   15.52
2020  3    3.23    3.23    9.68    4.84    9.68    6.45   11.29    3.23    4.84    4.84   25.81   12.90
2020  4    1.67   15.00   20.00    0.00    1.67    0.00   18.33    8.33    5.00    6.67   10.00   13.33
2020  5    0.00    4.84    4.84    6.45    0.00    4.84   12.90    0.00    8.06    3.23   27.42   27.42
2020  6    1.67    5.00   15.00    8.33    0.00    0.00   13.33    3.33   13.33    5.00   15.00   20.00
2020  7    0.00    8.06   14.52   12.90    0.00    1.61   12.90    0.00   16.13    6.45   11.29   16.13
2020  8    0.00   12.90   29.03    1.61    1.61    4.84    4.84    4.84    6.45   11.29   19.35    3.23
2020  9    0.00   11.67   11.67    0.00    1.67    3.33    0.00   20.00   18.33    0.00    0.00   33.33
2020 10    0.00    0.00    4.84    0.00    1.61    4.84   16.13    6.45    8.06    0.00   24.19   33.87
2020 11    1.67   23.33   15.00    1.67    0.00    3.33    6.67    5.00   11.67   11.67   10.00   10.00
2020 12    3.23   22.58    8.06    4.84    4.84    6.45   11.29    3.23    8.06    4.84   17.74    4.84
2021  1    4.84   27.42   16.13    4.84    4.84    8.06    0.00    0.00    0.00    8.06   25.81    0.00
2021  2   12.50    0.00    0.00   14.29    5.36    3.57   14.29    0.00    0.00    3.57   35.71   10.71
2021  3    6.45   11.29    4.84    4.84    0.00    4.84   20.97    6.45    3.23    6.45   11.29   19.35
2021  4    1.67   23.33   13.33    1.67    1.67    6.67    1.67    3.33   11.67   20.00    3.33   11.67
2021  5   12.90    9.68    4.84    0.00    8.06    3.23    8.06    1.61    3.23    6.45   12.90   29.03
2021  6    3.33    5.00    8.33   10.00    1.67    5.00   13.33   10.00    6.67    1.67   13.33   21.67
2021  7    1.61   19.35   16.13    0.00    4.84    4.84   12.90   11.29    3.23   11.29    0.00   14.52
2021  8    1.61   14.52   17.74    1.61    1.61    0.00    4.84   12.90   11.29    3.23    8.06   22.58
2021  9    3.33   20.00   18.33    1.67    0.00    5.00    6.67   11.67    6.67    0.00   10.00   16.67
2021 10    0.00    9.68    8.06    8.06    0.00    1.61   16.13    8.06   11.29   17.74    9.68    9.68
2021 11    0.00   16.67    1.67    5.00    0.00    3.33   15.00    0.00    6.67    3.33   30.00   18.33
2021 12   20.97    9.68    8.06    9.68    3.23    3.23   12.90    6.45    0.00    3.23   22.58    0.00
2022  1    9.68    0.00    3.23    9.68   16.13   27.42    1.61    0.00    0.00    1.61   27.42    3.23
